0101001101011111011001111010111100111101011111101100110111111010010111111011001101111110101111001111010111100110111110101100101101100111011111011101101111011
1000100110101111101100111101011110011110101111110110011011111101001011111101100110111111010111100111101011110011011111010110010011110010101111101111101111111
0000010011010111110110011110101111001111010111111011001101111110100101111110110011011111101011110011110101111001101111101011001001101111111111100110011111111
1000001001101011111011001111010111100111101011111101100110111111010010111111011001101111110101111001111010111100110111110101101101110101101111111111010111110
0100000100110101111101100111101011110011110101111110110011011111101001011111101100110111111010111100111101011110011011111010110010110011110101111111111111110
0010000010011010111110110011110101111001111010111111011001101111110100101111110110011011111101011110011110101111001101111101011000101111111010111111111011111
1001000001001101011111011001111010111100111101011111101100110111111010010111111011001101111110101111001111010111100110111110101101011111101101011111011001111
1100100000100110101111101100111101011110011110101111110110011011111101001011111101100110111111010111100111101011110011011111010110111111100110111111111110011
0110010000010011010111110110011110101111001111010111111011001101111110100101111110110011011111101011110011110101111001101111101011001011110011111111111110111
1011001000001001101011111011001111010111100111101011111101100110111111010010111111011001101111110101111001111010111100110111110111110111101011111101101011111
0101100100000100110101111101100111101011110011110101111110110011011111101001011111101100110111111010111100111101011110011011111011110111100110110111111111010
1010110010000010011010111110110011110101111001111010111111011001101111110100101111110110011011111101011110011110101111001101111111011101111001101101111111111
1101011001000001001101011111011001111010111100111101011111101100110111111010010111111011001101111110101111001111010111100110111111011111111111111110101111100
1110101100100000100110101111101100111101011110011110101111110110011011111101001011111101100110111111010111100111101011110011011111110110001110111110111111010
1111010110010000010011010111110110011110101111001111010111111011001101111110100101111110110011011111101011110011110101111001101111111010110111100011010111111
1111101011001000001001101011111011001111010111100111101011111101100110111111010010111111011001101111110101111001111010111100110111111111001111101011111111100
0111110101100100000100110101111101100111101011110011110101111110110011011111101001011111101100110111111010111100111101011110011011111011110110111101111101110
1011111010110010000010011010111110110011110101111001111010111111011001101111110100101111110110011011111101011110011110101111001111011110110010110111011010111
1101111101011001000001001101011111011001111010111100111101011111101100110111111010010111111011001101111110101111001111010111100110111111011001001110111111110
0110111110101100100000100110101111101100111101011110011110101111110110011011111101001011111101100110111111010111100111101011110111011111101101110110110110111
0011011111010110010000010011010111110110011110101111001111010111111011001101111110100101111110110011011111101011110011110101111001011111110110011111111111111
1001101111101011001000001001101011111011001111010111100111101011111101100110111111010010111111011001101111110101111001111010111110111111101011111011011001101
1100110111110101100100000100110101111101100111101011110011110101111110110011011111101001011111101100110111111010111100111101011110101011110101111111111110011
1110011011111010110010000010011010111110110011110101111001111010111111011001101111110100101111110110011011111101011110011110101111011110111110110111011010111
1111001101111101011001000001001101011111011001111010111100111101011111101100110111111010010111111011001101111110101111001111011111110101111111111011011011110
0111100110111110101100100000100110101111101100111101011110011110101111110110011011111101001011111101100110111111010111100111101011010011111110111111110111011
1011110011011111010110010000010011010111110110011110101111001111010111111011001101111110100101111110110011011111101011110011110111111011111111011011010110111
0101111001101111101011001000001001101011111011001111010111100111101011111101100110111111010010111111011001101111110101111001111111111101001111111001001101111
1010111100110111110101100100000100110101111101100111101011110011110101111110110011011111101001011111101100110111111010111100111101111111111111110101110110110
1101011110011011111010110010000010011010111110110011110101111001111010111111011001101111110100101111110110011011111101011110011111111111011011111110110011111
1110101111001101111101011001000001001101011111011001111010111100111101011111101100110111111010010111111011001101111110101111001111110111111101111011011011111
1111010111100110111110101100100000100110101111101100111101011110011110101111110110011011111101001011111101100110111111010111100111101110100110111110111101111
0111101011110011011111010110010000010011010111110110011110101111001111010111111011001101111110100101111110110011011111101011110011011111110011101111011110111
0011110101111001101111101011001000001001101011111011001111010111100111101011111101100110111111010010111111011001101111110101111001111011111001111111111011110
1001111010111100110111110101100100000100110101111101100111101011110011110101111110110011011111101001011111101100110111111010111100111100111100110111110111111
1100111101011110011011111010110010000010011010111110110011110101111001111010111111011001101111110100101111110110011011111101011110011110111110011011111110111
1110011110101111001101111101011001000001001101011111011001111010111100111101011111101100110111111010010111111011001101111110101111111111001111011111111111011
1111001111010111100110111110101100100000100110101111101100111101011110011110101111110110011011111101001011111101100110111111010111110111110111110111111100101
0111100111101011110011011111010110010000010011010111110110011110101111001111010111111011001101111110100101111110110011011111111111110011101011110111011111011
1011110011110101111001101111101011001000001001101011111011001111010111100111101011111101100110111111010010111111011001101111110111111011110101111011111111110
0101111001111010111100110111110101100100000100110101111101100111101011110011110101111110110011011111101001011111101100110111111110111101111011111100110111111
1010111100111101011110011011111010110010000010011010111110110011110101111001111010111111011001101111110100101111110110011011111101111110111101011101011011111
1101011110011110101111001101111101011001000001001101011111011001111010111100111101011111101100110111111010010111111011001101111110111111111110111111001111101
1110101111001111010111100110111110101100100000100110101111101100111101011110011110101111110110011011111101001011111101100110111111010110001111110111111111111
1111010111100111101011110011011111010110010000010011010111110110011110101111001111010111111011001101111110100101111110110011011111111011100111111111110011111
1111101011110011110101111001101111101011001000001001101011111011001111010111100111101011111101100110111111010010111111011001101111110111110011110011111011111
1111110101111001111010111100110111110101100100000100110101111101100111101011110011110101111110110011011111101001011111101100110111111001111101111110111110110
0111111010111100111101011110011011111010110010000010011010111110110011110101111001111010111111011001101111110100101111110110011011111111111100111111011110111
1011111101011110011110101111001101111101011001000001001101011111011001111010111100111101011111101100110111111010010111111011001111111111011110011111111111111
1101111110101111001111010111100110111110101100100000100110101111101100111101011110011110101111110110011011111101001011111101100110111110101111011111011111011
0110111111010111100111101011110011011111010110010000010011010111110110011110101111001111010111111011001101111110100101111110110011111111010111110111111011111
0011011111101011110011110101111001101111101011001000001001101011111011001111010111100111101011111101100110111111010010111111011001111111101011110111110101101
1001101111110101111001111010111100110111110101100100000100110101111101100111101011110011110101111110110011011111101001011111101111110110110101111111111111111
1100110111111010111100111101011110011011111010110010000010011010111110110011110101111001111010111111011001101111110100101111110110111010111110111100111111111
0110011011111101011110011110101111001101111101011001000001001101011111011001111010111100111101011111101100110111111010010111111011111111111101111110011110111
1011001101111110101111001111010111100110111110101100100000100110101111101100111101011110011110101111110110011011111101001011111101110111111110101111011111011
1101100110111111010111100111101011110011011111010110010000010011010111110110011110101111001111010111111011001101111110100101111110110011111111010111110111111
1110110011011111101011110011110101111001101111101011001000001001101011111011001111010111100111101011111101100110111111010010111111111111011111101111111011001
1111011001101111110101111001111010111100110111110101100100000100110101111101100111101011110011110101111110110011011111101001011111101101101111110111111011101
1111101100110111111010111100111101011110011011111010110010000010011010111110110011110101111001111010111111011001101111110100101111110111110111111110111110111
1111110110011011111101011110011110101111001101111101011001000001001101011111011001111010111100111101011111101100110111111010010111111001111011111111011110111
0111111011001101111110101111001111010111100110111110101100100000100110101111101100111101011110011110101111110110011011111101011011011111111111101010101111111
1011111101100110111111010111100111101011110011011111010110010000010011010111110110011110101111001111010111111011001101111110100111111111000111111101110101111
0101111110110011011111101011110011110101111001101111101011001000001001101011111011001111010111100111101011111101100110111111010011111111110011001111111011111
0010111111011001101111110101111001111010111100110111110101100100000100110101111101100111101011110011110101111110110011011111101111111101111011111101111111101
1001011111101100110111111010111100111101011110011011111010110010000010011010111110110011110101111001111010111111011001101111110100101110111101110111111101101
0100101111110110011011111101011110011110101111001101111101011001000001001101011111011001111010111100111101011111101100110111111011010110110110011111111111011
1010010111111011001101111110101111001111010111100110111110101100100000100110101111101100111101011110011110101111110110011011111101101011111111011101111110111
1101001011111101100110111111010111100111101011110011011111010110010000010011010111110110011110101111001111010111111011001101111111110111111101110101111111011
1110100101111110110011011111101011110011110101111001101111101011001000001001101011111011001111010111100111101011111101100110111111110011111111100011011111111
1111010010111111011001101111110101111001111010111100110111110101100100000100110101111101100111101011110011110101111110110011011111101011111111011111111111110
1111101001011111101100110111111010111100111101011110011011111010110010000010011010111110110011110101111001111010111111011001101111110111011111111110110111011
1111110100101111110110011011111101011110011110101111001101111101011001000001001101011111011001111010111100111101011111101100110111111001101111111111111011010
0111111010010111111011001101111110101111001111010111100110111110101100100000100110101111101100111101011110011110101111110110011011111111010111111011011111111
1011111101001011111101100110111111010111100111101011110011011111010110010000010011010111110110011110101111001111010111111011001101111111101011111111110111111
1101111110100101111110110011011111101011110011110101111001101111101011001000001001101011111011001111010111100111101011111101100110111111100111101111110011111
0110111111010010111111011001101111110101111001111010111100110111110101100100000100110101111101100111101011110011110101111110110011101111111010111111011001111
0011011111101001011111101100110111111010111100111101011110011011111010110010000010011010111110110011110101111001111010111111011011111111111011011111111110011
1001101111110100101111110110011011111101011110011110101111001101111101011001000001001101011111011001111010111100111101011111101100111111110100111111110111111
1100110111111010010111111011001101111110101111001111010111100110111110101100100000100110101111101100111101011110011110101111111110111111111011110111111111101
0110011011111101001011111101100110111111010111100111101011110011011111010110010000010011010111110110011110101111001111010111111011111110111101111111111111001
1011001101111110100101111110110011011111101011110011110101111001101111101011001000001001101011111011001111010111100111101011111111110111111110101101111110111
1101100110111111010010111111011001101111110101111001111010111100110111110101100100000100110101111101100111101011110011110101111111100011111111010111111111111
1110110011011111101001011111101100110111111010111100111101011110011011111010110010000010011010111110110011110101111001111010111111111010111111111011011111001
1111011001101111110100101111110110011011111101011110011110101111001101111101011001000001001101011111011001111010111100111101011111111110001111110111111111110
1111101100110111111010010111111011001101111110101111001111010111100110111110101100100000100110101111101100111101011110011110101111110111110111111111010111111
1111110110011011111101001011111101100110111111010111100111101011110011011111010110010000010011010111110110011110101111001111010111111011011011111101011011011
0111111011001101111110100101111110110011011111101011110011110101111001101111101011001000001001101011111011001111010111100111101111101111101101111110110111111
1011111101100110111111010010111111011001101111110101111001111010111100110111110101100100000100110101111101100111101011110011110111111111100111111111110010110
0101111110110011011111101001011111101100110111111010111100111101011110011011111010110010000010011010111110110011110101111001111010111111110011101111111011111
1010111111011001101111110100101111110110011011111101011110011110101111001101111101011001000001001101011111011001111010111100111101011111111101111111110110111
1101011111101100110111111010010111111011001101111110101111001111010111100110111110101100100000100110101111101100111101011110011110101111101110111111101110111
1110101111110110011011111101001011111101100110111111010111100111101011110011011111010110010000010011010111110110011110101111001111011101110111111111111101011
1111010111111011001101111110100101111110110011011111101011110011110101111001101111101011001000001001101011111011001111010111100111111011111011011101111110111
0111101011111101100110111111010010111111011001101111110101111001111010111100110111110101100100000100110101111101100111101011110011110110111101110110111111101
0011110101111110110011011111101001011111101100110111111010111100111101011110011011111010110010000010011010111110110011110101111001111111111111110111011111110
1001111010111111011001101111110100101111110110011011111101011110011110101111001101111101011001000001001101011111011001111010111100111110011111011111111111110
1100111101011111101100110111111010010111111011001101111110101111001111010111100110111110101100100000100110101111101100111101011110011110111111111100110111111
1110011110101111110110011011111101001011111101100110111111010111100111101011110011011111010110010000010011010111110110011110101111101111101111110111011111111
1111001111010111111011001101111110100101111110110011011111101011110011110101111001101111101011001000001001101011111011001111010111110110110111101111011111111
0111100111101011111101100110111111010010111111011001101111110101111001111010111100110111110101100100000100110101111101100111101011110011101111111111110110111
1011110011110101111110110011011111101001011111101100110111111010111100111101011110011011111010110010000010011010111110110011110101111011110101111110100011111
0101111001111010111111011001101111110100101111110110011011111101011110011110101111001101111101011001000001001101011111011001111010111111111010111111011001111
1010111100111101011111101100110111111010010111111011001101111110101111001111010111100110111110101100100000100110101111101100111101111111011101011111111110011
1101011110011110101111110110011011111101001011111101100110111111010111100111101011110011011111010110010000010011010111110110011110011111111110101011110111111
1110101111001111010111111011001101111110100101111110110011011111101011110011110101111001101111101011001000001001101011111011001111011111101111110011111011111
1111010111100111101011111101100110111111010010111111011001101111110101111001111010111100110111110101100100000100110101111101100111101010110111101111111111101
0111101011110011110101111110110011011111101001011111101100110111111010111100111101011110011011111010110010000010011010111110110111110111110011110111111110111
0011110101111001111010111111011001101111110100101111110110011011111101011110011110101111001101111101011001000001001101011111011001111111111001111110111111111
1001111010111100111101011111101100110111111010010111111011001101111110101111001111010111100110111110101100100000100110101111101100111100111101111101111111111
1100111101011110011110101111110110011011111101001011111101100110111111010111100111101011110011011111010110010000010011010111110110111110011110011110111111111
0110011110101111001111010111111011001101111110100101111110110011011111101011110011110101111001101111101011001000001001101011111011101111101111011111010111111
1011001111010111100111101011111101100110111111010010111111011001101111110101111001111010111100110111110101100100000100110101111101100111110111100111101111111
1101100111101011110011110101111110110011011111101001011111101100110111111010111100111101011110011011111010110010000010011010111110110010111011110111110111111
1110110011110101111001111010111111011001101111110100101111110110011011111101011110011110101111001101111101011001000001001101011111111011110101111111111010110
1111011001111010111100111101011111101100110111111010010111111011001101111110101111001111010111100110111110101100100000100110101111101111111010111110111101111
1111101100111101011110011110101111110110011011111101001011111101100110111111010111100111101011110011011111010110010000010011010111110111111101011110011110111
0111110110011110101111001111010111111011001101111110100101111110110011011111101011110011110101111001101111101011001000001001101011111001011111111111011111111
1011111011001111010111100111101011111101100110111111010010111111011001101111110101111001111010111100110111110101100100000100110101001111001111010111110111111
0101111101100111101011110011110101111110110011011111101001011111101100110111111010111100111101011110011011111010110010000010011111111111100111101011100111111
1010111110110011110101111001111010111111011001101111110100101111110110011011111101011110011110101111001101111101011001000001001111111101110011110101111011101
1101011111011001111010111100111101011111101100110111111010010111111011001101111110101111001111010111100110111110101100100000100110111111111001111110111110111
0110101111101100111101011110011110101111110110011011111101001011111101100110111111010111100111101011110011011111010110010000010011110111101101111111111100111
0011010111110110011110101111001111010111111011001101111110100101111110110011011111101011110011110101111001101111101011001000001001111111110110011111111111111
1001101011111011001111010111100111101011111101100110111111010010111111011001101111110101111001111010111100110111110101100100000111110111111011011111010111111
0100110101111101100111101011110011110111111110110011011111101101011111101100110111111010111100111101011110011011111010110010000010111011111101111111101111101
1011011010111110110011111101111001111010111111011001101111110100101111110110011111111101011110011110101111001101111101011001000011011101111110100011110111011
1001001101011111011101111011111100111111111111101100110111111010110111111011001101111111101111001111010111110110111110111100100001111100111111111011110010100
0100100111111111111101111111011110011111101111111110111011111111101011111101110111111111110111100111101011110011011111011110111001011101000011111000111100111
1111001011111111110110011111111111001111010111111011101101111111101111111110110011111111101011110011110101111001101111111011101110011001010111111001111100100
1111110101100111101001101011111101101111111011111111111111111011110111111111111111111111110101111011111100111111111111011111110100000101111011011110001111001
0101101101111111111111011111111011111111111111111111111111011111101011011111011111011110111011111101111111011110011011011111111111001010010110111100100010100
0010011110011011111111110011110111111001111010111111011001101111110100101111111110011011111111011110011111101111001101111101011111010001011111111000110101101
1011011101111101011111011001111110111100111101011111101101110111111010010111111111001101111110111111001111011111100110111111101110100001001100100110111111111
1110111111101111111111110110111111011111011111011111111111010111011111110111111111111111111101111111111111111011111110110111110000010000110111000111101001110
1011111111111001101111101111111011001111101011111011001111111111100111111111111101100111111111010010111111011001101111111111111011101100001111101001101110011
0111111111111010110111111110101111110111111011110101111110111101111111101011111111110101111111110111111011111101111110011111111100100010010101100011111001101
1010110010011010111010111110111011110101111001111010111111011101111111110100111111110110011011111101011110111110111111001101111101111010100110011010111110101
1111011001011101001101011111111001111010111100111101011111101100110111111010110111111011001101111110101111001111010111100110111100101101000001011101011111011
1111101100101111100110111111101100111101011110111110111111110110011111111101001011111101101110111111110111100111101011110011011101011111110000101011101111101
1111010111101111110011011111110110011110101111001111010111111111101101111111110101111110110111011111101011110011110101111001101111111011010000011111101101100
1111101011011011001101101011111011001111110111100111101011111111110111111111010110111111111011111111110101111101111011111110110111101011101000000111110101110
0111110111111111110101111101111111100111101111110011111101111110110011011111101111011111111110110111111011111100111101011110011111011101100100000000110011101
1001111111101100110111111111111101111111111111111111111010111010111110111110111110111111101111111110111101011111011111101111110111111000011010001101011100110
1101111111011101101011101111011111011001111010111100111101011111101100111111111011010111111111001101111110101111001111010111110111111001011110010011001101001
1111111111111100111110110100110111101110111110111111111111111011111110111011111111101111111111111111111100111111111111101111110000110110001011010001101011110
0111111110101111011111111110011111111111001111111111101111111101011001111111111110111101111110111011111111111011111111110111111100100110110111001000010111001
1101111111110011110011111111101011111111011111011111100111101011111111101111111111111110111111011011101111110101111001111011111101000011101111011100011001011
1100110111111101101110100100110101111101100111101011110011110111111110111011011111101001111111101100110111111110111100111111011111011111110111100100001101100
0011111110110111111111111110111111111111110111111111111111111011111111111111111111111111111011111111101111111111011111101111101111001100111001110011000011010
1110111111111101111011111001001111011111011101111110111101111101111111101100110111111010010111111011001101111110101111001111010011100111111110011101100101011
1111100110111111101110100111100110111111101100111101111110011110111111110110011111111101001111111111100110111111110111110111111011101101011111011010101000111
1111110111111111011110111110111011111011111111111110111111111101101111111111011111111111111101111111110111111111111011111101111100110101011100100110010000011
1111111001111111101011001101011101101011111111001111110111100111111011111111101110111111010010111111011011101111110101111001111000101110101111101111111000001
0111111011011011111111011011111111110101111111111011111010111111110101100111101101101101111101111111111011111111111111111111110111011110110111110100100100000
1111111111110110111110111111111111111011110111111110111110011111001111111111111001101111111111011111111111011111111111110111101010000111001001010101011110000
1110011111010010010111110111011110111110111111011111111111111111111111010111111111110111011111100111111111111111110111111111111010101101111100101011001111000
