0101001101011111011001110101111001111010111111011001101111110100101111110110011011111101011110011110101111001101111101011001001001101101111111111101111011111110111101011
1000100110101111101100111010111100111101011111101100110111111010010111111011001101111110101111001111010111100110111110101100100111100101111111101110111111111111110110101
0000010011010111110110011101011110011110101111110110011011111101001011111101100110111111010111100111101011110011011111010110111011011011011111111111101110111111011111110
1000001001101011111011001110101111001111010111111011001101111110100101111110110011011111101011110011110101111001101111101011001101001111111011111011011111111111101111111
0100000100110101111101101111010111100111101011111101100110111111010010111111011001101111110101111001111010111100110111110101101101110100111111111111110111111011111011101
0010000010011010111110110111101011110011110101111110110011011111101001011111101100110111111010111100111101011110011011111010111011011110011010111111110111111101110111111
1001000001001101011111010011110101111001111010111111011001101111110100101111110110011011111101011110011110101111001101111101010111011111101101111111001101111111111110111
1100100000100110101111101001111010111100111101011111101100110111111010010111111011001101111110101111001111010111100110111110111101100111110111101111111110111101011110111
0110010000010011010111111100111101011110011110101111110110011011111101001011111101100110111111010111100111101011110011011111011111010110010011110111110111111110111111011
1011001000001001101011110110011110101111001111010111111011001101111110100101111110110011011111101011110011110101111001101111101111001111011001111011111111101111011111111
0101100100000100110101111011001111010111100111101011111101100110111111010010111111011001101111110101111001111010111100110111110101101110111100110111111111101111111011110
1010110010000010011010111101100111101011110011110101111110110011011111101001011111101100110111111010111100111101011110011011111011110111110010111110111111110011110101111
1101011001000001001101011110110011110101111001111010111111011001101111110100101111110110011011111101011110011110101111001101111101111111011001011111111111011001110111111
1110101100100000100110101111011001111010111100111101011111101100110111111010010111111011001101111110101111001111010111100110110111111110101111010111011111101110111111100
1111010110010000010011011111101100111101011110011110101111110110011011111101001011111101100110111111010111100111101011110011011111010110010010111111010111111111011110111
1111101011001000001001100111110110011110101111001111010111111011001101111110100101111110110011011111101011110011110101111001101110111111101011101011111011111010111111111
0111110101100100000100111011111011001111010111100111101011111101100110111111010010111111011001101111110101111001111010111100111110111101111100111100110101111101101111111
1011111010110010000010010101111101100111101011110011110101111110110011011111101001011111101100110111111010111100111101011110111011111111110010111010011110111111110011111
1101111101011001000001001010111110110011110101111001111010111111011001101111110100101111110110011011111101011110011110101111001111111111011011001001101101111111011001111
0110111110101100100000101101011111011001111010111100111101011111101100110111111010010111111011001101111110101111001111010111101111111110111111100101110110111111111100101
0011011111010110010000010110101111101100111101011110011110101111110110011011111101001011111101100110111111010111100111101011111111111111101110010111110011110111110111111
1001101111101011001000000011010111110110011110101111001111010111111011001101111110100101111110110011011111101011110011110101111011111011111011001111111101101011111111111
1100110111110101100100001001101011111011001111010111100111101011111101100110111111010010111111011001101111110101111001111010111110111111111101110110110101010111111101101
1110011011111010110010000100110101111101100111101011110011110101111110110011011111101001011111101100110111111010111100111101010111011111111010111010110111111011111110110
0111100110111110101100100001001101011111011001111010111100111101011111101100110111111010010111111011001101111110101111001111011111100111111110111100100111000110111111111
1011110011011111010110010000100110101111101100111101011110011110101111110110011011111101001011111101100110111111010111100111101011110111111111010111010111110011011111110
0101111001101111101011000000010011010111110110011110101111001111010111111011001101111110100101111110110011011111101011110011110101111101001111011111011011101011111011101
1010111100110111110101101000001001101011111011001111010111100111101011111101100110111111010010111111011001101111110101111001111111111010110111111101110101100100111101111
1101011110011011111010110100000100110101111101100111101011110011110101111110110011011111101001011111101100110111111010111100111101111110111011111011110100111110100111111
1110101111001101111101010010000010011010111110110011110101111001111010111111011001101111110100101111110110011011111101011110010111111011101101111110011111111111111111011
1111010111100110111110101001000001001101011111011001111010111100111101011111101100110111111010010111111011001101111110101111011111011101100111111111101110010111111011111
0111101011110011011111011100100000100110101111101100111101011110011110101111110110011011111101001011111101100110111111010111101111101111111111101111000101111010110111011
0011110101111001101111100110010000010011010111110110011110101111001111010111111011001101111110100101111110110011011111101011111111110111111001111111111011101101001001111
1001111010111100110111111011001000001001101011111011001111010111100111101011111101100110111111010010111111011001101111110101110100111110111100110111110111010101111111111
1100111101011110011011110101100100000100110101111101100111101011110011110101111110110011011111101001011111101100110111111010111111111111111111111111111000011111111110011
1110011110101111001101111010110010000010011010111110110011110101111001111010111111011001101111110100101111110110011011111101111111011111111111001111111111111001101101011
1111001111010111100110111101011001000001001101011111011001111010111100111101011111101100110111111010010111111011001101111110111111011101011111110111111111111100111100110
0111100111101011110011011110101100100000100110101111101100111101011110011110101111110110011011111101001011111101100110111111011110111111101111111011011111011111111110011
1011110011110101111001101111010110010000010011010111110110011110101111001111010111111011001101111110100101111110110011011111101011111011111111111011111111101111101001101
0101111001111010111100111111101011001000001001101011111011001111010111100111101011111101100110111111010010111111011001101111111111111111111011111101100111110101100100101
1010111100111101011110010111110101100100000100110101111101100111101011110011110101111110110011011111101001011111101100110111111011111110111101111111011111111010111110111
1101011110011110101111001011111010110010000010011010111110110011110101111001111010111111011001101111110100101111110110011011111101011111011110111111011111111101011001111
1110101111001111010111101101111101011001000001001101011111011001111010111100111101011111101100110111111010010111111011001101111111111111101111111111110110111110101100110
1111010111100111101011110110111110101100100000100110101111101100111101011110011110101111110110011011111101001011111101100110111111010111100111101011110111011111111110010
1111101011110011110101110011011111010110010000010011010111110110011110101111001111010111111011001101111110100101111110110011010110101111110111110111111011101111101111011
1111110101111001111010111001101111101011001000001001101011111011001111010111100111101011111101100110111111010010111111011001111111110101111101111010111100111111111101110
0111111010111100111101011100110111110101100100000100110101111101100111101011110011110101111110110011011111101001011111101100110111111111111100111101111110111011111111110
1011111101011110011110101110011011111010110010000010011010111110110011110101111001111010111111011001101111110100101111110110011011111011111111011111111111001101111111111
1101111110101111001111011111001101111101011001000001001101011111011001111010111100111101011111101100110111111010010111111011101101111110101111011111010111100110111110110
0110111111010111100111100111100110111110101100100000100110101111101100111101011110011110101111110110011011111101001011111101101111111111010111111111111011110011011111100
0011011111101011110011111011110011011111010110010000010011010111110110011110101111001111010111111011001101111110100101111110110011011011111011111011110101111001111111111
1001101111110101111001110101111001101111101011001000001001101011111011001111010111100111101011111101100110111111010010111111011111101101111111111001111010111101111111110
1100110111111010111100111010111100110111110101100100000100110101111101100111101011110011110101111110110011011111101001011111101101110111111011111101111101111111010011111
0110011011111101011110011101011110011011111010110010000010011010111110110011110101111001111010111111011001101111110100101111111111011011111101111110011110101111111101111
1011001101111110101111001110101111001101111101011001000001001101011111011001111010111100111101011111101100110111111010010111111011001111111110111111011111110111101111111
1101100110111111010111101111010111100110111110101100100000100110101111101100111101011110011110101111110110011011111101001011111111110100111111111111110111101011111011001
1110110011011111101011110111101011110011011111010110010000010011010111110110011110101111001111010111111011001101111110100101111111110111011111111011110111110101111001111
1111011001101111110101110011110101111001101111101011001000001001101011111011001111010111100111101011111101100110111111010010111111111111101111111101111001111010111101111
1111101100110111111010111001111010111100110111110101100100000100110101111101100111101011110011110101111110110011011111101001011111101100111111111110111110111101011110111
1111110110011011111101011100111101011110011011111010110010000010011010111110110011110101111001111010111111011001101111110100101111110110111011111101011111111110101111011
0111111011001101111110101110011110101111001101111101011001000001001101011111011001111010111100111101011111101100110111111010011111111011111101111110101110101111011111101
1011111101100110111111011111001111010111100110111110101100100000100110101111101100111101011110011110101111110110011011111101001011111111100110111111010101101111101011111
0101111110110011011111100111100111101011110011011111010110010000010011010111110110011110101111001111010111111011001101111110101101111111110111111111101111111011110111101
0010111111011001101111111011110011110101111001101111101011001000001001101011111011001111010111100111101011111101100110111111011111111111011011111111110101111001111110111
1001011111101100110111110101111001111010111100110111110101100100000100110101111101100111101011110011110101111110110011011111101111011111101110111111111010111111111101011
0100101111110110011011111010111100111101011110011011111010110010000010011010111110110011110101111001111010111111011001101111110111101111110110011011111111111110111110111
1010010111111011001101111101011110011110101111001101111101011001000001001101011111011001111010111100111101011111101100110111111011010111111111001101111110111111011111010
1101001011111101100110111110101111001111010111100110111110101100100000100110101111101100111101011110011110101111110110011011111101001111111111111110111111110111101111111
1110100101111110110011011111010111100111101011110011011111010110010000010011010111110110011110101111001111010111111011001101111110111011111110011011011111101011111111111
1111010010111111011001101111101011110011110101111001101111101011001000001001101011111011001111010111100111101011111101100110110111110110111111011111111111010111111001111
1111101001011111101100111111110101111001111010111100110111110101100100000100110101111101100111101011110011110101111110110011011111101101111111101100110111111011111100111
1111110100101111110110010111111010111100111101011110011011111010110010000010011010111110110011110101111001111010111111011001101110110110111111110111011111111101011111111
0111111010010111111011001011111101011110011110101111001101111101011001000001001101011111011001111010111100111101011111101100111111111110010111111111001101111110101111111
1011111101001011111101101101111110101111001111010111100110111110101100100000100110101111101100111101011110011110101111110110011011111011111011111101110100111111011111111
1101111110100101111110110110111111010111100111101011110011011111010110010000010011010111110110011110101111001111010111111011000101111111100111111110110011111111101011110
0110111111010010111111010011011111101011110011110101111001101111101011001000001001101011111011001111010111100111101011111101101111111111010010111111111001101111111101101
0011011111101001011111101001101111110101111001111010111100110111110101100100000100110101111101100111101011110011110101111110111011111111101011111111111100110111111010111
1001101111110100101111111100110111111010111100111101011110011011111010110010000010011010111110110011110101111001111010111111011001101111111100111111110111111011111101011
1100110111111010010111110110011011111101011110011110101111001101111101011001000001001101011111011001111010111100111101011111101111110111111011110111111011101101110110111
0110011011111101001011111011001101111110101111001111010111100110111110101100100000100110101111101100111101011110011110101111111111111111111101011111101111100111111111010
1011001101111110100101111101100110111111010111100111101011110011011111010110010000010011010111110110011110101111001111010111111111011111111110111111111111110011011111110
1101100110111111010010111110110011011111101011110011110101111001101111101011001000001001101011111011001111010111100111101011111101100110111111011110111111111001101111111
1110110011011111101001011111011001101111110101111001111010111100110111110101100100000100110101111101100111101011110011110101111111110111111111111001011111011100111111111
1111011001101111110100101111101100110111111010111100111101011110011011111010110010000010011010111110110011110101111001111010111111111111111111110101111111110110011011111
1111101100110111111010011111110110011011111101011110011110101111001101111101011001000001001101011111011001111010111100111101011111101110110111111011000111111011101101101
1111110110011011111101000111111011001101111110101111001111010111100110111110101100100000100110101111101100111101011110011110101111110101011011111101111011111111101110111
0111111011001101111110101011111101100110111111010111100111101011110011011111010110010000010011010111110110011110101111001111010111111111001101111111110101011111111011011
1011111101100110111111010101111110110011011111101011110011110101111001101111101011001000001001101011111011001111010111100111101011111111100110111111010100111111111001111
0101111110110011011111100010111111011001101111110101111001111010111100110111110101100100000100110101111101100111101011110011111101111110110011111111101011111111101110111
1010111111011001101111111001011111101100110111111010111100111101011110011011111010110010000010011010111110110011110101111001111011111011011011111111110110111111111110011
1101011111101100110111110100101111110110011011111101011110011110101111001101111101011001000001001101011111011001111010111100111101011111111100111111111010110111111011011
1110101111110110011011111010010111111011001101111110101111001111010111100110111110101100100000100110101111101100111101011110011111111111110110111011111111101011111101110
1111010111111011001101111101001011111101100110111111010111100111101011110011011111010110010000010011010111110110011110101111001111010111111011001101111111100101111111101
0111101011111101100110111110100101111110110011011111101011110011110101111001101111101011001000001001101011111011001111010111101110101111111101110110111111010110111111111
0011110101111110110011011111010010111111011001101111110101111001111010111100110111110101100100000100110101111101100111101011111011110111111110110111011111101001011111110
1001111010111111011001101111101001011111101100110111111010111100111101011110011011111010110010000010011010111110110011110101110001111111111111111101111111011110101111111
1100111101011111101100111111110100101111110110011011111101011110011110101111001101111101011001000001001101011111011001111010111101111111011111101110110111011010011111111
1110011110101111110110010111111010010111111011001101111110101111001111010111100110111110101100100000100110101111101100111101011111111111101111110110011011111101011011111
1111001111010111111011001011111101001011111101100110111111010111100111101011110011011111010110010000010011010111110110011110101111101111010111111011011101111110101101111
0111100111101011111101101101111110100101111110110011011111101011110011110101111001101111101011001000001001101011111011001111011110111111101011111101100110111111011011111
1011110011110101111110110110111111010010111111011001101111110101111001111010111100110111110101100100000100110101111101100111101110110101110111111111110011111111101101011
0101111001111010111111010011011111101001011111101100110111111010111100111101011110011011111010110010000010011010111110110011111111111101111111111111101011101111110100101
1010111100111101011111101001101111110100101111110110011011111101011110011110101111001101111101011001000001001101011111011001111011111110111111101111111110111111111010011
1101011110011110101111111100110111111010010111111011001101111110101111001111010111100110111110101100100000100110101111101100111100111110111111011111110110111011110111111
1110101111001111010111110110011011111101001011111101100110111111010111100111101011110011011111010110010000010011010111110110011111101001001111010111111011101111111110111
1111010111100111101011111011001101111110100101111110110011011111101011110011110101111001101111101011001000001001101011111011001111110111100111101011111111110110111111011
0111101011110011110101111101100110111111010010111111011001101111110101111001111010111100110111110101100100000100110101111101101111101111110011110101111110110011011111111
0011110101111001111010111110110011011111101001011111101100110111111010111100111101011110011011111010110010000010011010111110111011111101111101111111111111111001100111110
1001111010111100111101011111011001101111110100101111110110011011111101011110011110101111001101111101011001000001001101011111010001111110111110111101011111101101111111111
1100111101011110011110101111101100110111111010010111111011001101111110101111001111010111100110111110101100100000100110101111101101111111011110101111111111110110010011111
0110011110101111001111011111110110011011111101001011111101100110111111010111100111101011110011011111010110010000010011010111111111011111101111111111100111111011001101111
1011001111010111100111100111111011001101111110100101111110110011011111101011110011110101111001101111101011001000001001101011111011101111110111111111111011111101101110111
1101100111101011110011111011111101100110111111010010111111011001101111110101111001111010111100110111110101100100000100110101111101100011111011110011110101111111110011111
1110110011110101111001110101111110110011011111101001011111101100110111111010111100111101011110011011111010110010000010011010111111111111110101111001111111111111011111111
1111011001111010111100111010111111011001101111110100101111110110011011111101011110011110101111001101111101011001000001001101011111011111111010111101111111111111101100101
1111101100111101011110011101011111101100110111111010010111111011001101111110101111001111010111100110111110101100100000100110100111110010111101111110111110101111111110011
0111110110011110101111001110101111110110011011111101001011111101100110111111010111100111101011110011011111010110010000010011011110111111011110101111011111110111111011011
1011111011001111010111101111010111111011001101111110100101111110110011011111101011110011110101111001101111101011001000001001101111111111001111010111110111111011111101110
0101111101100111101011110111101011111101100110111111010010111111011001101111110101111001111010111100110111110101100100000100111111111111100111101011110111010101111110111
1010111110110011110101110011110101111110110011011111101001011111101100110111111010111100111101011110011011111010110010000010011011111110111011111101111011111010111111011
1101011111011001111010111001111010111111011001101111110100101111110110011011111101011110011110101111001101111101011001000001001101111111111001111110111110111111011111111
0110101111101100111101011100111101011111101100110111111010010111111011001101111110101111001111010111100110111110101100100000101111111111111110111101001101111110101111111
0011010111110110011110101110011110101111110110011011111101001011111101100110111111010111100111101011110011011111010110010000011011010111110110111111111111111111010111111
1001101011111011001111011111001111010111111011001101111110100101111110110011011111101011110011110101111001101111101011001000011011101111111011101111111111100111101011111
0110110101111101110111100111100111111011111101101110111111010010111111011001101111110101111001111010111100110111110101100100001110110111111101101111111011110011110101111
0010011110111110110011111011111011111101111111110011011111101001011111101100110111111010111100111101011110011011111010110011000110011111111111111011110101011001111010111
1011110111011011111111101101101110111111111101011101111111111111101110111101111111111101111111101111111111110111111011111111100101001100011111101001111110111100110101011
0101101111101111101110111011111111111101011111101101110111111011110111111011001111111110101111001111110111100110111111101100111001100110001101110001111101011110011111110
0110011011010111111111111101011110111111101111110111011111111101111011111101101110111111010111100111111011110011011111110111110000110111111111100010011101101111101101001
1111111111111110011111011111111110111011111101111111111111111111111101101111111111111111111110111110011011111111111101111111001100000011000001111111111101101110101010110
1100100100111101111111101111110111100111101011111101100111111111010011111111111101111111110101111111111111111101110111111101100110001011110101011101110011001110110111111
0010111010011111111111110111111011111111111101111110110111011111101011011111101110110111111110111101111101011110011111111110110010000111101011111110011011010101111001110
1011011001101101111111110011111101111111111010111111011001101111110110101111110110011011111101011111011110111111011011111101011000100011011110011111111010111010111101111
1101111111111111111110111110101111111101111111101101101111110111111101111011111111111111101111111111111101111111011011111111111110010010101110111001001001011011001101001
0011011111111111011111111101110111110111111110111110111011011111111111011111111111111011111111111111001101101111111111111111110111111100110001110011101111000100101111000
1111001101011001111011111110011110111111011111110111111011001111111110100111111110110111011111111111110011110111111011101111110011111000101011101110111011010111010111110
1101101100110101110111111101111111110111101111111011111101111110111111110110111111111001101111110101111101111011111100111111110010110111001111110100011100100111100111111
1111110111111010111101111101100111111011110011110111111110111011011111111101011111111100111111111010111100111101111110011111111010101010000101011010111110111101110101101
1111111001101101101111111110110111111111111001111011111111111001101111110100111111110110011011111101011110011110101111011101111110011101100011000101011101111111111010101
1110101100100100100110101111011101111110111111111101011111101110111111111010010111111011001101111110111111011111010111100110111110101100110000101110101111111101111111011
1111110110010111011111011111101100111111011110011111101111110111111111111111101011111101110110111111111111101111101011110111011010011101101000000101011111110111010111101
1111101111001101001101100111111110111111101111011111110111111011001101111110101101111110110011011111111111110011110101111001111111110011111000011111101110111111100110000
1111111111110011110100111001111111101111111111100111111111111111100100111111111010111111111101111111111001111111111110111111111111010111100100000110100011011100101111011
1011111011111110110010111111111011101111111011111111111111111111110111011111111111111111111101110111110110111011111101011110010101111110110001001111011000001111011111100
1111111101011011111001011011111110110111111101111111111111111111111111101111110111101111111110011011111101011111011110111111111001111101010101010111001110011011101000011
1110111110111110100111101111011111111001111010111100111101111111101101111111111111010111111011111101111110111111001111011111100001111001101111111000100010010111010111111
0111111111111111010011110110111111111110111111011110011110101111110111011011111111001011111101101110111111010111100111101011110011011011010101111000010111110111111110001
1011111111101111001111000111101111111111111110111111101111010111111011011101111110111111111110110011111111111111111011110111111101101110001011011000101011101011111011000
1110110111111001101111111001101011111011001111110111100111101011111101100111111111010110111111011001111111110111111101111011111101101011010101100101000011011101110111110
1101110111111111110111110111110011111110111111111111111111110101111111110111111011110111011111111110101111111101111111111011111111111001111010010010001100111110111100110
1111001101111101011001000010011010111110110011110101111001111010111111011001101111110100101111110110011011111101011110011111101111011111111111011001010111101101011111011
0111111111111110111101111101111101011111111101111010111110111111011111111100110111111011010111111011001101111110111111101111011111000010111111001010011001100111100111101
1111110111111111010110011110011011011111111110111101011110111010111111110010011111111100111111111101111111111111011111111011101000111011010111101111101000010111110111010
1101111011111111101011111111010111011111110110011110101111010111010111111011011111111110100111111110110011011111111011110111110111110111001110100011101100101100111011111
1111111111110111111111010111110110011011111011101111111111111111111110111111111111011101111110100111111111111111111111011111101011001000111111000011011101001111110010101
1111111110011011111110110100111101111101111101100111101011110011111101111110110011111111111001011111101101110111111011111110111100011101011111101110110010000011011010110
1111111111101111111101010010110110111110111111110011110101111111111010111111011001101111110100111111111110011011111101011110011111101100011101111001111001100001001101011
1111011111100110111110101001111011101111011111011001111010111100111101011111101100110111111011010111111011001101111110101111001111110011111111110110111111100000101110101
1111101011110111011111111110111100100110101111101100111101011110111111101111110110011111111101011011111111100110111111011111100111101101101011011111010110110001010011101
0111111101111010111111110110011011110111010111110111111110101111101111110111111111001111111110100101111110111011111111101011110010010101111111011111101110111010001101101
1101111010111101110111111011111101111111101111111011011111010111110111101011111101101111111111010010111111011001101111110101111011111010111101101011110111100100000100011
1110111111111111011111111111011101101100110101111111110111101011111011110101111110110011011111101101011111101100110111111010111100111001011110010111111011110010000011111
1011101111100111101101111111011011111110111111111111011111111101111111111111110111111111111111111111101011101011011111111101010111011110001100111011011001011101000000110
1111011111011111100111111101110101111101101111111111011001111011111110111101011111101100110111111010110111111011011101111110101110101111110111110110111110001101100001101
0111111111101111110011011110111101100100100110111111101100111111011110011110101111110110111011111101001111111101110110111111010101100011101111110111101111110110010001110
1011110011111101111011101111111111010010010011110111111111011110101111011111010111111011001111111111100101111110110011011111101110111111110110110101101111001011010110011
0111111101111111111111111111101011001011111001111111111011101111010111111111101011111101100111111111010110111111111001101111110101111001111010010100110101110111011110010
1011011111111011111011011101111111111100111111111011111011110101111111111110111111110111111101111111101111111111110111111111111101111001100100101100111011011000111011100
1101111111011011111111101011111111110111110010010010111111111111110111111101111001111111111011011111111111101111111110111111111010101100111110101110001101101111110101000
