010011100100011011011111110000110100110000010101010010101010000011001011000011111110110110001001110010111111111111111111111111111111111111111111111111111111111111111111111111111111111111111111111111111111001110010001101101111111000011010011000001010101001010101
101001110010001101101111111000011010011000001010101001010101000001100101100001111111011011000100111001011111111111111111111111111111111111111111111111111111111111111111111111111111111111111111111111111111100111001000110110111111100001101001100000101010100101010
010100111001000110110111111100001101001100000101010100101010100000110010110000111111101101100010011101101111111111111111111111111111111111111111111111111111111111111111111111111111111111111111111111111101110011100100011011011111110000110100110000010101010010101
001010011100100011011011111110000110100110000010101010010101010000011001011000011111110110110001001111110111111111111111111111111111111111111111111111111111111111111111111111111111111111111111111111111100111001110010001101101111111000011010011000001010101001010
100101001110010001101101111111000011010011000001010101001010101000001100101100001111111011011000100111111011111111111111111111111111111111111111111111111111111111111111111111111111111111111111111111111110011100111001000110110111111100001101001100000101010100101
110010100111001000110110111111100001101001100000101010100101010100000110010110000111111101101100010011111101111111111111111111111111111111111111111111111111111111111111111111111111111111111111111111111111001110011100100011011011111110000110100110000010101010010
111001010011100100011011011111110000110100110000010101010010101010000011001011000011111110110110001001111110111111111111111111111111111111111111111111111111111111111111111111111111111111111111111111111111100111001110010001101101111111000011010011000001010101001
011100101001110010001101101111111000011010011000001010101001010101000001100101100001111111011011000101111111011111111111111111111111111111111111111111111111111111111111111111111111111111111111111111111101110011100111001000110110111111100001101001100000101010100
001110010100111001000110110111111100001101001100000101010100101010100000110010110000111111101101100011111111101111111111111111111111111111111111111111111111111111111111111111111111111111111111111111111100111001110011100100011011011111110000110100110000010101010
100111001010011100100011011011111110000110100110000010101010010101010000011001011000011111110110110001111111110111111111111111111111111111111111111111111111111111111111111111111111111111111111111111111110011100111001110010001101101111111000011010011000001010101
010011100101001110010001101101111111000011010011000001010101001010101000001100101100001111111011011001111111111011111111111111111111111111111111111111111111111111111111111111111111111111111111111111111101001110011100111001000110110111111100001101001100000101010
001001110010100111001000110110111111100001101001100000101010100101010100000110010110000111111101101101111111111101111111111111111111111111111111111111111111111111111111111111111111111111111111111111111100100111001110011100100011011011111110000110100110000010101
000100111001010011100100011011011111110000110100110000010101010010101010000011001011000011111110110111111111111110111111111111111111111111111111111111111111111111111111111111111111111111111111111111111100010011100111001110010001101101111111000011010011000001010
100010011100101001110010001101101111111000011010011000001010101001010101000001100101100001111111011011111111111111011111111111111111111111111111111111111111111111111111111111111111111111111111111111111110001001110011100111001000110110111111100001101001100000101
110001001110010100111001000110110111111100001101001100000101010100101010100000110010110000111111101101111111111111101111111111111111111111111111111111111111111111111111111111111111111111111111111111111111000100111001110011100100011011011111110000110100110000010
011000100111001010011100100011011011111110000110100110000010101010010101010000011001011000011111110111111111111111110111111111111111111111111111111111111111111111111111111111111111111111111111111111111101100010011100111001110010001101101111111000011010011000001
101100010011100101001110010001101101111111000011010011000001010101001010101000001100101100001111111011111111111111111011111111111111111111111111111111111111111111111111111111111111111111111111111111111110110001001110011100111001000110110111111100001101001100000
110110001001110010100111001000110110111111100001101001100000101010100101010100000110010110000111111101111111111111111101111111111111111111111111111111111111111111111111111111111111111111111111111111111111011000100111001110011100100011011011111110000110100110000
011011000100111001010011100100011011011111110000110100110000010101010010101010000011001011000011111111111111111111111110111111111111111111111111111111111111111111111111111111111111111111111111111111111101101100010011100111001110010001101101111111000011010011000
101101100010011100101001110010001101101111111000011010011000001010101001010101000001100101100001111111111111111111111111011111111111111111111111111111111111111111111111111111111111111111111111111111111110110110001001110011100111001000110110111111100001101001100
110110110001001110010100111001000110110111111100001101001100000101010100101010100000110010110000111111111111111111111111101111111111111111111111111111111111111111111111111111111111111111111111111111111111011011000100111001110011100100011011011111110000110100110
111011011000100111001010011100100011011011111110000110100110000010101010010101010000011001011000011111111111111111111111110111111111111111111111111111111111111111111111111111111111111111111111111111111111101101100010011100111001110010001101101111111000011010011
111101101100010011100101001110010001101101111111000011010011000001010101001010101000001100101100001111111111111111111111111011111111111111111111111111111111111111111111111111111111111111111111111111111111110110110001001110011100111001000110110111111100001101001
111110110110001001110010100111001000110110111111100001101001100000101010100101010100000110010110000111111111111111111111111101111111111111111111111111111111111111111111111111111111111111111111111111111111111011011000100111001110011100100011011011111110000110100
111111011011000100111001010011100100011011011111110000110100110000010101010010101010000011001011000011111111111111111111111110111111111111111111111111111111111111111111111111111111111111111111111111111111111101101100010011100111001110010001101101111111000011010
111111101101100010011100101001110010001101101111111000011010011000001010101001010101000001100101100001111111111111111111111111011111111111111111111111111111111111111111111111111111111111111111111111111111111110110110001001110011100111001000110110111111100001101
011111110110110001001110010100111001000110110111111100001101001100000101010100101010100000110010110001111111111111111111111111101111111111111111111111111111111111111111111111111111111111111111111111111101111111011011000100111001110011100100011011011111110000110
001111111011011000100111001010011100100011011011111110000110100110000010101010010101010000011001011001111111111111111111111111110111111111111111111111111111111111111111111111111111111111111111111111111100111111101101100010011100111001110010001101101111111000011
000111111101101100010011100101001110010001101101111111000011010011000001010101001010101000001100101101111111111111111111111111111011111111111111111111111111111111111111111111111111111111111111111111111100011111110110110001001110011100111001000110110111111100001
000011111110110110001001110010100111001000110110111111100001101001100000101010100101010100000110010111111111111111111111111111111101111111111111111111111111111111111111111111111111111111111111111111111100001111111011011000100111001110011100100011011011111110000
100001111111011011000100111001010011100100011011011111110000110100110000010101010010101010000011001011111111111111111111111111111110111111111111111111111111111111111111111111111111111111111111111111111110000111111101101100010011100111001110010001101101111111000
110000111111101101100010011100101001110010001101101111111000011010011000001010101001010101000001100101111111111111111111111111111111011111111111111111111111111111111111111111111111111111111111111111111111000011111110110110001001110011100111001000110110111111100
011000011111110110110001001110010100111001000110110111111100001101001100000101010100101010100000110011111111111111111111111111111111101111111111111111111111111111111111111111111111111111111111111111111101100001111111011011000100111001110011100100011011011111110
101100001111111011011000100111001010011100100011011011111110000110100110000010101010010101010000011001111111111111111111111111111111110111111111111111111111111111111111111111111111111111111111111111111110110000111111101101100010011100111001110010001101101111111
010110000111111101101100010011100101001110010001101101111111000011010011000001010101001010101000001101111111111111111111111111111111111011111111111111111111111111111111111111111111111111111111111111111101011000011111110110110001001110011100111001000110110111111
001011000011111110110110001001110010100111001000110110111111100001101001100000101010100101010100000111111111111111111111111111111111111101111111111111111111111111111111111111111111111111111111111111111100101100001111111011011000100111001110011100100011011011111
100101100001111111011011000100111001010011100100011011011111110000110100110000010101010010101010000011111111111111111111111111111111111110111111111111111111111111111111111111111111111111111111111111111110010110000111111101101100010011100111001110010001101101111
110010110000111111101101100010011100101001110010001101101111111000011010011000001010101001010101000001111111111111111111111111111111111111011111111111111111111111111111111111111111111111111111111111111111001011000011111110110110001001110011100111001000110110111
011001011000011111110110110001001110010100111001000110110111111100001101001100000101010100101010100001111111111111111111111111111111111111101111111111111111111111111111111111111111111111111111111111111101100101100001111111011011000100111001110011100100011011011
001100101100001111111011011000100111001010011100100011011011111110000110100110000010101010010101010001111111111111111111111111111111111111110111111111111111111111111111111111111111111111111111111111111100110010110000111111101101100010011100111001110010001101101
000110010110000111111101101100010011100101001110010001101101111111000011010011000001010101001010101001111111111111111111111111111111111111111011111111111111111111111111111111111111111111111111111111111100011001011000011111110110110001001110011100111001000110110
000011001011000011111110110110001001110010100111001000110110111111100001101001100000101010100101010101111111111111111111111111111111111111111101111111111111111111111111111111111111111111111111111111111100001100101100001111111011011000100111001110011100100011011
000001100101100001111111011011000100111001010011100100011011011111110000110100110000010101010010101011111111111111111111111111111111111111111110111111111111111111111111111111111111111111111111111111111100000110010110000111111101101100010011100111001110010001101
100000110010110000111111101101100010011100101001110010001101101111111000011010011000001010101001010101111111111111111111111111111111111111111111011111111111111111111111111111111111111111111111111111111110000011001011000011111110110110001001110011100111001000110
010000011001011000011111110110110001001110010100111001000110110111111100001101001100000101010100101011111111111111111111111111111111111111111111101111111111111111111111111111111111111111111111111111111101000001100101100001111111011011000100111001110011100100011
101000001100101100001111111011011000100111001010011100100011011011111110000110100110000010101010010101111111111111111111111111111111111111111111110111111111111111111111111111111111111111111111111111111110100000110010110000111111101101100010011100111001110010001
010100000110010110000111111101101100010011100101001110010001101101111111000011010011000001010101001011111111111111111111111111111111111111111111111011111111111111111111111111111111111111111111111111111101010000011001011000011111110110110001001110011100111001000
101010000011001011000011111110110110001001110010100111001000110110111111100001101001100000101010100101111111111111111111111111111111111111111111111101111111111111111111111111111111111111111111111111111110101000001100101100001111111011011000100111001110011100100
010101000001100101100001111111011011000100111001010011100100011011011111110000110100110000010101010011111111111111111111111111111111111111111111111110111111111111111111111111111111111111111111111111111101010100000110010110000111111101101100010011100111001110010
101010100000110010110000111111101101100010011100101001110010001101101111111000011010011000001010101001111111111111111111111111111111111111111111111111011111111111111111111111111111111111111111111111111110101010000011001011000011111110110110001001110011100111001
010101010000011001011000011111110110110001001110010100111001000110110111111100001101001100000101010101111111111111111111111111111111111111111111111111101111111111111111111111111111111111111111111111111101010101000001100101100001111111011011000100111001110011100
001010101000001100101100001111111011011000100111001010011100100011011011111110000110100110000010101011111111111111111111111111111111111111111111111111110111111111111111111111111111111111111111111111111100101010100000110010110000111111101101100010011100111001110
100101010100000110010110000111111101101100010011100101001110010001101101111111000011010011000001010101111111111111111111111111111111111111111111111111111011111111111111111111111111111111111111111111111110010101010000011001011000011111110110110001001110011100111
010010101010000011001011000011111110110110001001110010100111001000110110111111100001101001100000101011111111111111111111111111111111111111111111111111111101111111111111111111111111111111111111111111111101001010101000001100101100001111111011011000100111001110011
101001010101000001100101100001111111011011000100111001010011100100011011011111110000110100110000010101111111111111111111111111111111111111111111111111111110111111111111111111111111111111111111111111111110100101010100000110010110000111111101101100010011100111001
010100101010100000110010110000111111101101100010011100101001110010001101101111111000011010011000001011111111111111111111111111111111111111111111111111111111011111111111111111111111111111111111111111111101010010101010000011001011000011111110110110001001110011100
101010010101010000011001011000011111110110110001001110010100111001000110110111111100001101001100000101111111111111111111111111111111111111111111111111111111101111111111111111111111111111111111111111111110101001010101000001100101100001111111011011000100111001110
010101001010101000001100101100001111111011011000100111001010011100100011011011111110000110100110000011111111111111111111111111111111111111111111111111111111110111111111111111111111111111111111111111111101010100101010100000110010110000111111101101100010011100111
101010100101010100000110010110000111111101101100010011100101001110010001101101111111000011010011000001111111111111111111111111111111111111111111111111111111111011111111111111111111111111111111111111111110101010010101010000011001011000011111110110110001001110011
010101010010101010000011001011000011111110110110001001110010100111001000110110111111100001101001100001111111111111111111111111111111111111111111111111111111111101111111111111111111111111111111111111111101010101001010101000001100101100001111111011011000100111001
001010101001010101000001100101100001111111011011000100111001010011100100011011011111110000110100110001111111111111111111111111111111111111111111111111111111111110111111111111111111111111111111111111111100101010100101010100000110010110000111111101101100010011100
000101010100101010100000110010110000111111101101100010011100101001110010001101101111111000011010011001111111111111111111111111111111111111111111111111111111111111011111111111111111111111111111111111111100010101010010101010000011001011000011111110110110001001110
000010101010010101010000011001011000011111110110110001001110010100111001000110110111111100001101001101111111111111111111111111111111111111111111111111111111111111101111111111111111111111111111111111111100001010101001010101000001100101100001111111011011000100111
000001010101001010101000001100101100001111111011011000100111001010011100100011011011111110000110100111111111111111111111111111111111111111111111111111111111111111110111111111111111111111111111111111111100000101010100101010100000110010110000111111101101100010011
100000101010100101010100000110010110000111111101101100010011100101001110010001101101111111000011010011111111111111111111111111111111111111111111111111111111111111111011111111111111111111111111111111111110000010101010010101010000011001011000011111110110110001001
110000010101010010101010000011001011000011111110110110001001110010100111001000110110111111100001101001111111111111111111111111111111111111111111111111111111111111111101111111111111111111111111111111111111000001010101001010101000001100101100001111111011011000100
011000001010101001010101000001100101100001111111011011000100111001010011100100011011011111110000110101111111111111111111111111111111111111111111111111111111111111111110111111111111111111111111111111111101100000101010100101010100000110010110000111111101101100010
001100000101010100101010100000110010110000111111101101100010011100101001110010001101101111111000011011111111111111111111111111111111111111111111111111111111111111111111011111111111111111111111111111111100110000010101010010101010000011001011000011111110110110001
100110000010101010010101010000011001011000011111110110110001001110010100111001000110110111111100001101111111111111111111111111111111111111111111111111111111111111111111101111111111111111111111111111111110011000001010101001010101000001100101100001111111011011000
010011000001010101001010101000001100101100001111111011011000100111001010011100100011011011111110000111111111111111111111111111111111111111111111111111111111111111111111110111111111111111111111111111111101001100000101010100101010100000110010110000111111101101100
101001100000101010100101010100000110010110000111111101101100010011100101001110010001101101111111000011111111111111111111111111111111111111111111111111111111111111111111111011111111111111111111111111111110100110000010101010010101010000011001011000011111110110110
110100110000010101010010101010000011001011000011111110110110001001110010100111001000110110111111100001111111111111111111111111111111111111111111111111111111111111111111111101111111111111111111111111111111010011000001010101001010101000001100101100001111111011011
011010011000001010101001010101000001100101100001111111011011000100111001010011100100011011011111110001111111111111111111111111111111111111111111111111111111111111111111111110111111111111111111111111111101101001100000101010100101010100000110010110000111111101101
001101001100000101010100101010100000110010110000111111101101100010011100101001110010001101101111111001111111111111111111111111111111111111111111111111111111111111111111111111011111111111111111111111111100110100110000010101010010101010000011001011000011111110110
000110100110000010101010010101010000011001011000011111110110110001001110010100111001000110110111111101111111111111111111111111111111111111111111111111111111111111111111111111101111111111111111111111111100011010011000001010101001010101000001100101100001111111011
000011010011000001010101001010101000001100101100001111111011011000100111001010011100100011011011111111111111111111111111111111111111111111111111111111111111111111111111111111110111111111111111111111111100001101001100000101010100101010100000110010110000111111101
100001101001100000101010100101010100000110010110000111111101101100010011100101001110010001101101111111111111111111111111111111111111111111111111111111111111111111111111111111111011111111111111111111111110000110100110000010101010010101010000011001011000011111110
110000110100110000010101010010101010000011001011000011111110110110001001110010100111001000110110111111111111111111111111111111111111111111111111111111111111111111111111111111111101111111111111111111111111000011010011000001010101001010101000001100101100001111111
111000011010011000001010101001010101000001100101100001111111011011000100111001010011100100011011011111111111111111111111111111111111111111111111111111111111111111111111111111111110111111111111111111111111100001101001100000101010100101010100000110010110000111111
111100001101001100000101010100101010100000110010110000111111101101100010011100101001110010001101101111111111111111111111111111111111111111111111111111111111111111111111111111111111011111111111111111111111110000110100110000010101010010101010000011001011000011111
111110000110100110000010101010010101010000011001011000011111110110110001001110010100111001000110110111111111111111111111111111111111111111111111111111111111111111111111111111111111101111111111111111111111111000011010011000001010101001010101000001100101100001111
111111000011010011000001010101001010101000001100101100001111111011011000100111001010011100100011011011111111111111111111111111111111111111111111111111111111111111111111111111111111110111111111111111111111111100001101001100000101010100101010100000110010110000111
111111100001101001100000101010100101010100000110010110000111111101101100010011100101001110010001101101111111111111111111111111111111111111111111111111111111111111111111111111111111111011111111111111111111111110000110100110000010101010010101010000011001011000011
011111110000110100110000010101010010101010000011001011000011111110110110001001110010100111001000110111111111111111111111111111111111111111111111111111111111111111111111111111111111111101111111111111111101111111000011010011000001010101001010101000001100101100001
101111111000011010011000001010101001010101000001100101100001111111011011000100111001010011100100011011111111111111111111111111111111111111111111111111111111111111111111111111111111111110111111111111111110111111100001101001100000101010100101010100000110010110000
110111111100001101001100000101010100101010100000110010110000111111101101100010011100101001110010001101111111111111111111111111111111111111111111111111111111111111111111111111111111111111011111111111111111011111110000110100110000010101010010101010000011001011000
011011111110000110100110000010101010010101010000011001011000011111110110110001001110010100111001000111111111111111111111111111111111111111111111111111111111111111111111111111111111111111101111111111111101101111111000011010011000001010101001010101000001100101100
101101111111000011010011000001010101001010101000001100101100001111111011011000100111001010011100100011111111111111111111111111111111111111111111111111111111111111111111111111111111111111110111111111111110110111111100001101001100000101010100101010100000110010110
110110111111100001101001100000101010100101010100000110010110000111111101101100010011100101001110010001111111111111111111111111111111111111111111111111111111111111111111111111111111111111111011111111111111011011111110000110100110000010101010010101010000011001011
011011011111110000110100110000010101010010101010000011001011000011111110110110001001110010100111001001111111111111111111111111111111111111111111111111111111111111111111111111111111111111111101111111111101101101111111000011010011000001010101001010101000001100101
001101101111111000011010011000001010101001010101000001100101100001111111011011000100111001010011100101111111111111111111111111111111111111111111111111111111111111111111111111111111111111111110111111111100110110111111100001101001100000101010100101010100000110010
000110110111111100001101001100000101010100101010100000110010110000111111101101100010011100101001110011111111111111111111111111111111111111111111111111111111111111111111111111111111111111111111011111111100011011011111110000110100110000010101010010101010000011001
100011011011111110000110100110000010101010010101010000011001011000011111110110110001001110010100111001111111111111111111111111111111111111111111111111111111111111111111111111111111111111111111101111111110001101101111111000011010011000001010101001010101000001100
010001101101111111000011010011000001010101001010101000001100101100001111111011011000100111001010011101111111111111111111111111111111111111111111111111111111111111111111111111111111111111111111110111111101000110110111111100001101001100000101010100101010100000110
001000110110111111100001101001100000101010100101010100000110010110000111111101101100010011100101001111111111111111111111111111111111111111111111111111111111111111111111111111111111111111111111111011111100100011011011111110000110100110000010101010010101010000011
100100011011011111110000110100110000010101010010101010000011001011000011111110110110001001110010100111111111111111111111111111111111111111111111111111111111111111111111111111111111111111111111111101111110010001101101111111000011010011000001010101001010101000001
110010001101101111111000011010011000001010101001010101000001100101100001111111011011000100111001010011111111111111111111111111111111111111111111111111111111111111111111111111111111111111111111111110111111001000110110111111100001101001100000101010100101010100000
111001000110110111111100001101001100000101010100101010100000110010110000111111101101100010011100101001111111111111111111111111111111111111111111111111111111111111111111111111111111111111111111111111011111100100011011011111110000110100110000010101010010101010000
011100100011011011111110000110100110000010101010010101010000011001011000011111110110110001001110010101111111111111111111111111111111111111111111111111111111111111111111111111111111111111111111111111101101110010001101101111111000011010011000001010101001010101000
001110010001101101111111000011010011000001010101001010101000001100101100001111111011011000100111001011111111111111111111111111111111111111111111111111111111111111111111111111111111111111111111111111110100111001000110110111111100001101001100000101010100101010100
100111001000110110111111100001101001100000101010100101010100000110010110000111111101101100010011100101111111111111111111111111111111111111111111111111111111111111111111111111111111111111111111111111111010011100100011011011111110000110100110000010101010010101010
011111111111111111111111111111111111111111111111111111111111111111111111111111111111111111111111111110100111001000110110111111100001101001100000101010100101010100000110010110000111111101101100010011100111001110010001101101111111000011010011000001010101001010101
101111111111111111111111111111111111111111111111111111111111111111111111111111111111111111111111111111010011100100011011011111110000110100110000010101010010101010000011001011000011111110110110001001110011100111001000110110111111100001101001100000101010100101010
110111111111111111111111111111111111111111111111111111111111111111111111111111111111111111111111111110101001110010001101101111111000011010011000001010101001010101000001100101100001111111011011000100111001110011100100011011011111110000110100110000010101010010101
111011111111111111111111111111111111111111111111111111111111111111111111111111111111111111111111111110010100111001000110110111111100001101001100000101010100101010100000110010110000111111101101100010011100111001110010001101101111111000011010011000001010101001010
111101111111111111111111111111111111111111111111111111111111111111111111111111111111111111111111111111001010011100100011011011111110000110100110000010101010010101010000011001011000011111110110110001001110011100111001000110110111111100001101001100000101010100101
111110111111111111111111111111111111111111111111111111111111111111111111111111111111111111111111111111100101001110010001101101111111000011010011000001010101001010101000001100101100001111111011011000100111001110011100100011011011111110000110100110000010101010010
111111011111111111111111111111111111111111111111111111111111111111111111111111111111111111111111111111110010100111001000110110111111100001101001100000101010100101010100000110010110000111111101101100010011100111001110010001101101111111000011010011000001010101001
111111101111111111111111111111111111111111111111111111111111111111111111111111111111111111111111111110111001010011100100011011011111110000110100110000010101010010101010000011001011000011111110110110001001110011100111001000110110111111100001101001100000101010100
111111110111111111111111111111111111111111111111111111111111111111111111111111111111111111111111111110011100101001110010001101101111111000011010011000001010101001010101000001100101100001111111011011000100111001110011100100011011011111110000110100110000010101010
111111111011111111111111111111111111111111111111111111111111111111111111111111111111111111111111111111001110010100111001000110110111111100001101001100000101010100101010100000110010110000111111101101100010011100111001110010001101101111111000011010011000001010101
111111111101111111111111111111111111111111111111111111111111111111111111111111111111111111111111111110100111001010011100100011011011111110000110100110000010101010010101010000011001011000011111110110110001001110011100111001000110110111111100001101001100000101010
111111111110111111111111111111111111111111111111111111111111111111111111111111111111111111111111111110010011100101001110010001101101111111000011010011000001010101001010101000001100101100001111111011011000100111001110011100100011011011111110000110100110000010101
111111111111011111111111111111111111111111111111111111111111111111111111111111111111111111111111111110001001110010100111001000110110111111100001101001100000101010100101010100000110010110000111111101101100010011100111001110010001101101111111000011010011000001010
111111111111101111111111111111111111111111111111111111111111111111111111111111111111111111111111111111000100111001010011100100011011011111110000110100110000010101010010101010000011001011000011111110110110001001110011100111001000110110111111100001101001100000101
111111111111110111111111111111111111111111111111111111111111111111111111111111111111111111111111111111100010011100101001110010001101101111111000011010011000001010101001010101000001100101100001111111011011000100111001110011100100011011011111110000110100110000010
111111111111111011111111111111111111111111111111111111111111111111111111111111111111111111111111111110110001001110010100111001000110110111111100001101001100000101010100101010100000110010110000111111101101100010011100111001110010001101101111111000011010011000001
111111111111111101111111111111111111111111111111111111111111111111111111111111111111111111111111111111011000100111001010011100100011011011111110000110100110000010101010010101010000011001011000011111110110110001001110011100111001000110110111111100001101001100000
111111111111111110111111111111111111111111111111111111111111111111111111111111111111111111111111111111101100010011100101001110010001101101111111000011010011000001010101001010101000001100101100001111111011011000100111001110011100100011011011111110000110100110000
111111111111111111011111111111111111111111111111111111111111111111111111111111111111111111111111111110110110001001110010100111001000110110111111100001101001100000101010100101010100000110010110000111111101101100010011100111001110010001101101111111000011010011000
111111111111111111101111111111111111111111111111111111111111111111111111111111111111111111111111111111011011000100111001010011100100011011011111110000110100110000010101010010101010000011001011000011111110110110001001110011100111001000110110111111100001101001100
111111111111111111110111111111111111111111111111111111111111111111111111111111111111111111111111111111101101100010011100101001110010001101101111111000011010011000001010101001010101000001100101100001111111011011000100111001110011100100011011011111110000110100110
111111111111111111111011111111111111111111111111111111111111111111111111111111111111111111111111111111110110110001001110010100111001000110110111111100001101001100000101010100101010100000110010110000111111101101100010011100111001110010001101101111111000011010011
111111111111111111111101111111111111111111111111111111111111111111111111111111111111111111111111111111111011011000100111001010011100100011011011111110000110100110000010101010010101010000011001011000011111110110110001001110011100111001000110110111111100001101001
111111111111111111111110111111111111111111111111111111111111111111111111111111111111111111111111111111111101101100010011100101001110010001101101111111000011010011000001010101001010101000001100101100001111111011011000100111001110011100100011011011111110000110100
111111111111111111111111011111111111111111111111111111111111111111111111111111111111111111111111111111111110110110001001110010100111001000110110111111100001101001100000101010100101010100000110010110000111111101101100010011100111001110010001101101111111000011010
111111111111111111111111101111111111111111111111111111111111111111111111111111111111111111111111111111111111011011000100111001010011100100011011011111110000110100110000010101010010101010000011001011000011111110110110001001110011100111001000110110111111100001101
111111111111111111111111110111111111111111111111111111111111111111111111111111111111111111111111111110111111101101100010011100101001110010001101101111111000011010011000001010101001010101000001100101100001111111011011000100111001110011100100011011011111110000110
111111111111111111111111111011111111111111111111111111111111111111111111111111111111111111111111111110011111110110110001001110010100111001000110110111111100001101001100000101010100101010100000110010110000111111101101100010011100111001110010001101101111111000011
111111111111111111111111111101111111111111111111111111111111111111111111111111111111111111111111111110001111111011011000100111001010011100100011011011111110000110100110000010101010010101010000011001011000011111110110110001001110011100111001000110110111111100001
111111111111111111111111111110111111111111111111111111111111111111111111111111111111111111111111111110000111111101101100010011100101001110010001101101111111000011010011000001010101001010101000001100101100001111111011011000100111001110011100100011011011111110000
111111111111111111111111111111011111111111111111111111111111111111111111111111111111111111111111111111000011111110110110001001110010100111001000110110111111100001101001100000101010100101010100000110010110000111111101101100010011100111001110010001101101111111000
111111111111111111111111111111101111111111111111111111111111111111111111111111111111111111111111111111100001111111011011000100111001010011100100011011011111110000110100110000010101010010101010000011001011000011111110110110001001110011100111001000110110111111100
111111111111111111111111111111110111111111111111111111111111111111111111111111111111111111111111111110110000111111101101100010011100101001110010001101101111111000011010011000001010101001010101000001100101100001111111011011000100111001110011100100011011011111110
111111111111111111111111111111111011111111111111111111111111111111111111111111111111111111111111111111011000011111110110110001001110010100111001000110110111111100001101001100000101010100101010100000110010110000111111101101100010011100111001110010001101101111111
111111111111111111111111111111111101111111111111111111111111111111111111111111111111111111111111111110101100001111111011011000100111001010011100100011011011111110000110100110000010101010010101010000011001011000011111110110110001001110011100111001000110110111111
111111111111111111111111111111111110111111111111111111111111111111111111111111111111111111111111111110010110000111111101101100010011100101001110010001101101111111000011010011000001010101001010101000001100101100001111111011011000100111001110011100100011011011111
111111111111111111111111111111111111011111111111111111111111111111111111111111111111111111111111111111001011000011111110110110001001110010100111001000110110111111100001101001100000101010100101010100000110010110000111111101101100010011100111001110010001101101111
111111111111111111111111111111111111101111111111111111111111111111111111111111111111111111111111111111100101100001111111011011000100111001010011100100011011011111110000110100110000010101010010101010000011001011000011111110110110001001110011100111001000110110111
111111111111111111111111111111111111110111111111111111111111111111111111111111111111111111111111111110110010110000111111101101100010011100101001110010001101101111111000011010011000001010101001010101000001100101100001111111011011000100111001110011100100011011011
111111111111111111111111111111111111111011111111111111111111111111111111111111111111111111111111111110011001011000011111110110110001001110010100111001000110110111111100001101001100000101010100101010100000110010110000111111101101100010011100111001110010001101101
111111111111111111111111111111111111111101111111111111111111111111111111111111111111111111111111111110001100101100001111111011011000100111001010011100100011011011111110000110100110000010101010010101010000011001011000011111110110110001001110011100111001000110110
111111111111111111111111111111111111111110111111111111111111111111111111111111111111111111111111111110000110010110000111111101101100010011100101001110010001101101111111000011010011000001010101001010101000001100101100001111111011011000100111001110011100100011011
111111111111111111111111111111111111111111011111111111111111111111111111111111111111111111111111111110000011001011000011111110110110001001110010100111001000110110111111100001101001100000101010100101010100000110010110000111111101101100010011100111001110010001101
111111111111111111111111111111111111111111101111111111111111111111111111111111111111111111111111111111000001100101100001111111011011000100111001010011100100011011011111110000110100110000010101010010101010000011001011000011111110110110001001110011100111001000110
111111111111111111111111111111111111111111110111111111111111111111111111111111111111111111111111111110100000110010110000111111101101100010011100101001110010001101101111111000011010011000001010101001010101000001100101100001111111011011000100111001110011100100011
111111111111111111111111111111111111111111111011111111111111111111111111111111111111111111111111111111010000011001011000011111110110110001001110010100111001000110110111111100001101001100000101010100101010100000110010110000111111101101100010011100111001110010001
111111111111111111111111111111111111111111111101111111111111111111111111111111111111111111111111111110101000001100101100001111111011011000100111001010011100100011011011111110000110100110000010101010010101010000011001011000011111110110110001001110011100111001000
111111111111111111111111111111111111111111111110111111111111111111111111111111111111111111111111111111010100000110010110000111111101101100010011100101001110010001101101111111000011010011000001010101001010101000001100101100001111111011011000100111001110011100100
111111111111111111111111111111111111111111111111011111111111111111111111111111111111111111111111111110101010000011001011000011111110110110001001110010100111001000110110111111100001101001100000101010100101010100000110010110000111111101101100010011100111001110010
111111111111111111111111111111111111111111111111101111111111111111111111111111111111111111111111111111010101000001100101100001111111011011000100111001010011100100011011011111110000110100110000010101010010101010000011001011000011111110110110001001110011100111001
111111111111111111111111111111111111111111111111110111111111111111111111111111111111111111111111111110101010100000110010110000111111101101100010011100101001110010001101101111111000011010011000001010101001010101000001100101100001111111011011000100111001110011100
111111111111111111111111111111111111111111111111111011111111111111111111111111111111111111111111111110010101010000011001011000011111110110110001001110010100111001000110110111111100001101001100000101010100101010100000110010110000111111101101100010011100111001110
111111111111111111111111111111111111111111111111111101111111111111111111111111111111111111111111111111001010101000001100101100001111111011011000100111001010011100100011011011111110000110100110000010101010010101010000011001011000011111110110110001001110011100111
111111111111111111111111111111111111111111111111111110111111111111111111111111111111111111111111111110100101010100000110010110000111111101101100010011100101001110010001101101111111000011010011000001010101001010101000001100101100001111111011011000100111001110011
111111111111111111111111111111111111111111111111111111011111111111111111111111111111111111111111111111010010101010000011001011000011111110110110001001110010100111001000110110111111100001101001100000101010100101010100000110010110000111111101101100010011100111001
111111111111111111111111111111111111111111111111111111101111111111111111111111111111111111111111111110101001010101000001100101100001111111011011000100111001010011100100011011011111110000110100110000010101010010101010000011001011000011111110110110001001110011100
111111111111111111111111111111111111111111111111111111110111111111111111111111111111111111111111111111010100101010100000110010110000111111101101100010011100101001110010001101101111111000011010011000001010101001010101000001100101100001111111011011000100111001110
111111111111111111111111111111111111111111111111111111111011111111111111111111111111111111111111111110101010010101010000011001011000011111110110110001001110010100111001000110110111111100001101001100000101010100101010100000110010110000111111101101100010011100111
111111111111111111111111111111111111111111111111111111111101111111111111111111111111111111111111111111010101001010101000001100101100001111111011011000100111001010011100100011011011111110000110100110000010101010010101010000011001011000011111110110110001001110011
111111111111111111111111111111111111111111111111111111111110111111111111111111111111111111111111111110101010100101010100000110010110000111111101101100010011100101001110010001101101111111000011010011000001010101001010101000001100101100001111111011011000100111001
111111111111111111111111111111111111111111111111111111111111011111111111111111111111111111111111111110010101010010101010000011001011000011111110110110001001110010100111001000110110111111100001101001100000101010100101010100000110010110000111111101101100010011100
111111111111111111111111111111111111111111111111111111111111101111111111111111111111111111111111111110001010101001010101000001100101100001111111011011000100111001010011100100011011011111110000110100110000010101010010101010000011001011000011111110110110001001110
111111111111111111111111111111111111111111111111111111111111110111111111111111111111111111111111111110000101010100101010100000110010110000111111101101100010011100101001110010001101101111111000011010011000001010101001010101000001100101100001111111011011000100111
111111111111111111111111111111111111111111111111111111111111111011111111111111111111111111111111111110000010101010010101010000011001011000011111110110110001001110010100111001000110110111111100001101001100000101010100101010100000110010110000111111101101100010011
111111111111111111111111111111111111111111111111111111111111111101111111111111111111111111111111111111000001010101001010101000001100101100001111111011011000100111001010011100100011011011111110000110100110000010101010010101010000011001011000011111110110110001001
111111111111111111111111111111111111111111111111111111111111111110111111111111111111111111111111111111100000101010100101010100000110010110000111111101101100010011100101001110010001101101111111000011010011000001010101001010101000001100101100001111111011011000100
111111111111111111111111111111111111111111111111111111111111111111011111111111111111111111111111111110110000010101010010101010000011001011000011111110110110001001110010100111001000110110111111100001101001100000101010100101010100000110010110000111111101101100010
111111111111111111111111111111111111111111111111111111111111111111101111111111111111111111111111111110011000001010101001010101000001100101100001111111011011000100111001010011100100011011011111110000110100110000010101010010101010000011001011000011111110110110001
111111111111111111111111111111111111111111111111111111111111111111110111111111111111111111111111111111001100000101010100101010100000110010110000111111101101100010011100101001110010001101101111111000011010011000001010101001010101000001100101100001111111011011000
111111111111111111111111111111111111111111111111111111111111111111111011111111111111111111111111111110100110000010101010010101010000011001011000011111110110110001001110010100111001000110110111111100001101001100000101010100101010100000110010110000111111101101100
111111111111111111111111111111111111111111111111111111111111111111111101111111111111111111111111111111010011000001010101001010101000001100101100001111111011011000100111001010011100100011011011111110000110100110000010101010010101010000011001011000011111110110110
111111111111111111111111111111111111111111111111111111111111111111111110111111111111111111111111111111101001100000101010100101010100000110010110000111111101101100010011100101001110010001101101111111000011010011000001010101001010101000001100101100001111111011011
111111111111111111111111111111111111111111111111111111111111111111111111011111111111111111111111111110110100110000010101010010101010000011001011000011111110110110001001110010100111001000110110111111100001101001100000101010100101010100000110010110000111111101101
111111111111111111111111111111111111111111111111111111111111111111111111101111111111111111111111111110011010011000001010101001010101000001100101100001111111011011000100111001010011100100011011011111110000110100110000010101010010101010000011001011000011111110110
111111111111111111111111111111111111111111111111111111111111111111111111110111111111111111111111111110001101001100000101010100101010100000110010110000111111101101100010011100101001110010001101101111111000011010011000001010101001010101000001100101100001111111011
111111111111111111111111111111111111111111111111111111111111111111111111111011111111111111111111111110000110100110000010101010010101010000011001011000011111110110110001001110010100111001000110110111111100001101001100000101010100101010100000110010110000111111101
111111111111111111111111111111111111111111111111111111111111111111111111111101111111111111111111111111000011010011000001010101001010101000001100101100001111111011011000100111001010011100100011011011111110000110100110000010101010010101010000011001011000011111110
111111111111111111111111111111111111111111111111111111111111111111111111111110111111111111111111111111100001101001100000101010100101010100000110010110000111111101101100010011100101001110010001101101111111000011010011000001010101001010101000001100101100001111111
111111111111111111111111111111111111111111111111111111111111111111111111111111011111111111111111111111110000110100110000010101010010101010000011001011000011111110110110001001110010100111001000110110111111100001101001100000101010100101010100000110010110000111111
111111111111111111111111111111111111111111111111111111111111111111111111111111101111111111111111111111111000011010011000001010101001010101000001100101100001111111011011000100111001010011100100011011011111110000110100110000010101010010101010000011001011000011111
111111111111111111111111111111111111111111111111111111111111111111111111111111110111111111111111111111111100001101001100000101010100101010100000110010110000111111101101100010011100101001110010001101101111111000011010011000001010101001010101000001100101100001111
111111111111111111111111111111111111111111111111111111111111111111111111111111111011111111111111111111111110000110100110000010101010010101010000011001011000011111110110110001001110010100111001000110110111111100001101001100000101010100101010100000110010110000111
111111111111111111111111111111111111111111111111111111111111111111111111111111111101111111111111111111111111000011010011000001010101001010101000001100101100001111111011011000100111001010011100100011011011111110000110100110000010101010010101010000011001011000011
111111111111111111111111111111111111111111111111111111111111111111111111111111111110111111111111111110111111100001101001100000101010100101010100000110010110000111111101101100010011100101001110010001101101111111000011010011000001010101001010101000001100101100001
111111111111111111111111111111111111111111111111111111111111111111111111111111111111011111111111111111011111110000110100110000010101010010101010000011001011000011111110110110001001110010100111001000110110111111100001101001100000101010100101010100000110010110000
111111111111111111111111111111111111111111111111111111111111111111111111111111111111101111111111111111101111111000011010011000001010101001010101000001100101100001111111011011000100111001010011100100011011011111110000110100110000010101010010101010000011001011000
111111111111111111111111111111111111111111111111111111111111111111111111111111111111110111111111111110110111111100001101001100000101010100101010100000110010110000111111101101100010011100101001110010001101101111111000011010011000001010101001010101000001100101100
111111111111111111111111111111111111111111111111111111111111111111111111111111111111111011111111111111011011111110000110100110000010101010010101010000011001011000011111110110110001001110010100111001000110110111111100001101001100000101010100101010100000110010110
111111111111111111111111111111111111111111111111111111111111111111111111111111111111111101111111111111101101111111000011010011000001010101001010101000001100101100001111111011011000100111001010011100100011011011111110000110100110000010101010010101010000011001011
111111111111111111111111111111111111111111111111111111111111111111111111111111111111111110111111111110110110111111100001101001100000101010100101010100000110010110000111111101101100010011100101001110010001101101111111000011010011000001010101001010101000001100101
111111111111111111111111111111111111111111111111111111111111111111111111111111111111111111011111111110011011011111110000110100110000010101010010101010000011001011000011111110110110001001110010100111001000110110111111100001101001100000101010100101010100000110010
111111111111111111111111111111111111111111111111111111111111111111111111111111111111111111101111111110001101101111111000011010011000001010101001010101000001100101100001111111011011000100111001010011100100011011011111110000110100110000010101010010101010000011001
111111111111111111111111111111111111111111111111111111111111111111111111111111111111111111110111111111000110110111111100001101001100000101010100101010100000110010110000111111101101100010011100101001110010001101101111111000011010011000001010101001010101000001100
111111111111111111111111111111111111111111111111111111111111111111111111111111111111111111111011111110100011011011111110000110100110000010101010010101010000011001011000011111110110110001001110010100111001000110110111111100001101001100000101010100101010100000110
111111111111111111111111111111111111111111111111111111111111111111111111111111111111111111111101111110010001101101111111000011010011000001010101001010101000001100101100001111111011011000100111001010011100100011011011111110000110100110000010101010010101010000011
111111111111111111111111111111111111111111111111111111111111111111111111111111111111111111111110111111001000110110111111100001101001100000101010100101010100000110010110000111111101101100010011100101001110010001101101111111000011010011000001010101001010101000001
111111111111111111111111111111111111111111111111111111111111111111111111111111111111111111111111011111100100011011011111110000110100110000010101010010101010000011001011000011111110110110001001110010100111001000110110111111100001101001100000101010100101010100000
111111111111111111111111111111111111111111111111111111111111111111111111111111111111111111111111101111110010001101101111111000011010011000001010101001010101000001100101100001111111011011000100111001010011100100011011011111110000110100110000010101010010101010000
111111111111111111111111111111111111111111111111111111111111111111111111111111111111111111111111110110111001000110110111111100001101001100000101010100101010100000110010110000111111101101100010011100101001110010001101101111111000011010011000001010101001010101000
111111111111111111111111111111111111111111111111111111111111111111111111111111111111111111111111111010011100100011011011111110000110100110000010101010010101010000011001011000011111110110110001001110010100111001000110110111111100001101001100000101010100101010100
111111111111111111111111111111111111111111111111111111111111111111111111111111111111111111111111111101001110010001101101111111000011010011000001010101001010101000001100101100001111111011011000100111001010011100100011011011111110000110100110000010101010010101010
110011100100011011011111110000110100110000010101010010101010000011001011000011111110110110001001110011100111001000110110111111100001101001100000101010100101010100000110010110000111111101101100010011100101111111010111111111111111100011010011110001010111001010101
111001110010001101101111111000011010011000001010101001010101000001100101100001111111011011000100111001110011100100011011011111110000110100110000010101010010101010000011001011000011111110110110001001110010100111101000110110111111101001111001100000111010110111111
011100111001000110110111111100001101001100000101010100101010100000110010110000111111101101100010011100111001110010001101101111111000011010011000001010101001010101000001100101100001111111011011000100111011011111101100011011011111110011110100111100011101010011101
001110011100100011011011111110000110100110000010101010010101010000011001011000011111110110110001001110011100111001000110110111111100001101001100000101010100101010100000110010110000111111101101100010011110101001110010101101101111111111011010011001111110101011110
100111001110010001101101111111000011010011000001010101001010101000001100101100001111111011011000100111001110011100100011011011111110000110100110000010101010010101010000011001011000011111110110110001001110110101111111001110111111111100101111111111010101010100101
110011100111001000110110111111100001101001100000101010100101010100000110010110000111111101101100010011100111001110010001101101111111000011010011000001010101001010101000001100101100001111111011011000100111101010111101100111011011111110010110110110110011101010111
111001110011100100011011011111110000110100110000010101010010101010000011001011000011111110110110001001110011100111001000110110111111100001101001100000101010100101010100000110010110000111111101101100010011100101001110110001111101111111010111110011110001110111101
011100111001110010001101101111111000011010011000001010101001010101000001100101100001111111011011000100111001110011100100011011011111110000110100110000010101010010101010000011001011000011111110110110001011111010101111001101110111111111110001101001101001101111100
001110011100111001000110110111111100001101001100000101010100101010100000110010110000111111101101100010011100111001110010001101101111111000011010011000001010101001010101000001100101100001111111011011000101111101011111111110111011111111111110111100110010010101010
100111001110011100100011011011111110000110100110000010101010010101010000011001011000011111110110110001001110011100111001000110110111111100001101001100000101010100101010100000110010110000111111101101100010011100101111111110001111101111111110011110011010101010111
010011100111001110010001101101111111000011010011000001010101001010101000001100101100001111111011011000100111001110011100100011011011111110000110100110000010101010010101010000011001011000011111110110110001101111110101111001010110110111111101101101011100010101111
001001110011100111001000110110111111100001101001100000101010100101010100000110010110000111111101101100010011100111001110010001101101111111000011010011000001010101001010101000001100101100001111111011011010101111111011011100100111011111111111000110100111000110101
000100111001110011100100011011011111110000110100110000010101010010101010000011001011000011111110110110001001110011100111001000110110111111100001101001100000101010100101010100000110010110000111111101101110011011110101101110110101101111111111000011110111001101110
100010011100111001110010001101101111111000011010011000001010101001010101000001100101100001111111011011000100111001110011100100011011011111110000110100110000010101010010101010000011001011000011111110110110001101111110101111101011110110111111100111101011100001111
110001001110011100111001000110110111111100001101001100000101010100101010100000110010110000111111101101100010011100111001110010001101101111111000011010011000001010101001010101000001100101100001111111011011010110111011010111101100111011111111110010110110110001010
011000100111001110011100100011011011111110000110100110000010101010010101010000011001011000011111110110110001001110011100111001000110110111111100001101001100000101010100101010100000110010110000111111101111100010111100101101110010001101111111111000111110011110111
101100010011100111001110010001101101111111000011010011000001010101001010101000001100101100001111111011011000100111001110011100100011011011111110000110100110000010101010010101010000011001011000011111110110111001111111010100111001010111110111111100101101011110101
110110001001110011100111001000110110111111100001101001100000101010100101010100000110010110000111111101101100010011100111001110010001101101111111000011010011000001010101001010101000001100101100001111111011011101110111111010011100111111011011111111000110101110000
011011000100111001110011100100011011011111110000110100110000010101010010101010000011001011000011111110110110001001110011100111001000110110111111100001101001100000101010100101010100000110010110000111111111101100110011100101011111010011101101111111000111011011110
101101100010011100111001110010001101101111111000011010011000001010101001010101000001100101100001111111011011000100111001110011100100011011011111110000110100110000010101010010101010000011001011000011111110110111001001110010110111011011111111111111100101111001110
110110110001001110011100111001000110110111111100001101001100000101010100101010100000110010110000111111101101100010011100111001110010001101101111111000011010011000001010101001010101000001100101100001111111011011100111111001011011101101111011111111110001110100111
111011011000100111001110011100100011011011111110000110100110000010101010010101010000011001011000011111110110110001001110011100111001000110110111111100001101001100000101010100101010100000110010110000111111101111101010011111101111111110001101101111111011011110011
111101101100010011100111001110010001101101111111000011010011000001010101001010101000001100101100001111111011011000100111001110011100100011011011111110000110100110000010101010010101010000011001011000011111111110110001101110110100111001011111110111111100101111011
111110110110001001110011100111001000110110111111100001101001100000101010100101010100000110010110000111111101101100010011100111001110010001101101111111000011010011000001010101001010101000001100101100001111111011011110100111011011011101101111011111111110100111110
111111011011000100111001110011100100011011011111110000110100110000010101010010101010000011001011000011111110110110001001110011100111001000110110111111100001101001100000101010100101010100000110010110000111111101111101010011110101001110111001101101111111010011110
111111101101100010011100111001110010001101101111111000011010011000001010101001010101000001100101100001111111011011000100111001110011100100011011011111110000110100110000010101010010101010000011001011000011111111110111001011110110110111001000110111111111100011101
011111110110110001001110011100111001000110110111111100001101001100000101010100101010100000110010110000111111101101100010011100111001110010001101101111111000011010011000001010101001010101000001100101100011111111111011100100111001011111110100011011011111111000110
001111111011011000100111001110011100100011011011111110000110100110000010101010010101010000011001011000011111110110110001001110011100111001000110110111111100001101001100000101010100101010100000110010110000111111101101101111011101101001110010011111111111111101011
000111111101101100010011100111001110010001101101111111000011010011000001010101001010101000001100101100001111111011011000100111001110011100100011011011111110000110100110000010101010010101010000011001011001011111110110110101111110110110111011000110110111111101001
000011111110110110001001110011100111001000110110111111100001101001100000101010100101010100000110010110000111111101101100010011100111001110010001101101111111000011010011000001010101001010101000001100101100011111111111011100110111101010011110100011011011111111011
100001111111011011000100111001110011100100011011011111110000110100110000010101010010101010000011001011000011111110110110001001110011100111001000110110111111100001101001100000101010100101010100000110010110110111111111101111010011101101001110110011101111111111000
110000111111101101100010011100111001110010001101101111111000011010011000001010101001010101000001100101100001111111011011000100111001110011100100011011011111110000110100110000010101010010101010000011001011110011111110111111101101110010100111011000110110111111100
011000011111110110110001001110011100111001000110110111111100001101001100000101010100101010100000110010110000111111101101100010011100111001110010001101101111111000011010011000001010101001010101000001100101101001111111111011100110111001010111101100111011111111110
101100001111111011011000100111001110011100100011011011111110000110100110000010101010010101010000011001011000011111110110110001001110011100111001000110110111111100001101001100000101010100101010100000110011110111111111111101101010111100101001110011001101101111111
010110000111111101101100010011100111001110010001101101111111000011010011000001010101001010101000001100101100001111111011011000100111001110011100100011011011111110000110100110000010101010010101010000011001011000111111110111111111001110010100111011001110111111111
001011000011111110110110001001110011100111001000110110111111100001101001100000101010100101010100000110010110000111111101101100010011100111001110010001101101111111000011010011000001010101001010101000001100101110111111111011011100100111101010011110101111011111111
100101100001111111011011000100111001110011100100011011011111110000110100110000010101010010101010000011001011000011111110110110001001110011100111001000110110111111100001101001100000101010100101010100000110011110110111111101101100011111100101001110110001111101111
110010110000111111101101100010011100111001110010001101101111111000011010011000001010101001010101000001100101100001111111011011000100111001110011100100011011011111110000110100110000010101010010101010000011001011001111111111111110001001110010111111101010110110111
011001011000011111110110110001001110011100111001000110110111111100001101001100000101010100101010100000110010110000111111101101100010011100111001110010001101101111111000011010011000001010101001010101000011101111101001111111111011000110111001011011101100011111011
001100101100001111111011011000100111001110011100100011011011111110000110100110000010101010010101010000011001011000011111110110110001001110011100111001000110110111111100001101001100000101010100101010100010111110110000111111101101110011011101101101110110101111111
000110010110000111111101101100010011100111001110010001101101111111000011010011000001010101001010101000001100101100001111111011011000100111001110011100100011011011111110000110100110000010101010010101010000111001111000011111110110110001101111110101111101011110111
000011001011000011111110110110001001110011100111001000110110111111100001101001100000101010100101010100000110010110000111111101101100010011100111001110010001101101111111000011010011000001010101001010101000101100111101001111111111011000100111011010111101100011111
000001100101100001111111011011000100111001110011100100011011011111110000110100110000010101010010101010000011001011000011111110110110001001110011100111001000110110111111100001101001100000101010100101010100001110010111100111111101111110011111100101101111110011101
100000110010110000111111101101100010011100111001110010001101101111111000011010011000001010101001010101000001100101100001111111011011000100111001110011100100011011011111110000110100110000010101010010101010011011001011000111111111110110011001111010101111001101110
010000011001011000011111110110110001001110011100111001000110110111111100001101001100000101010100101010100000110010110000111111101101100010011100111001110010001101101111111000011010011000001010101001010101010111100111111001111111011011100111111111010011100100011
101000001100101100001111111011011000100111001110011100100011011011111110000110100110000010101010010101010000011001011000011111110110110001001110011100111001000110110111111100001101001100000101010100101011111110111010110000111111111101100010011100101011110010011
010100000110010110000111111101101100010011100111001110010001101101111111000011010011000001010101001010101000001100101100001111111011011000100111001110011100100011011011111110000110100110000010101010010101110001011001011000011111110110111101101111010110111011111
101010000011001011000011111110110110001001110011100111001000110110111111100001101001100000101010100101010100000110010110000111111101101100010011100111001110010001101101111111000011010011000001010101001010111000001110111111001111111011011100111111001011011101100
010101000001100101100001111111011011000100111001110011100100011011011111110000110100110000010101010010101010000011001011000011111110110110001001110011100111001000110110111111100001101001100000101010100111010100110111110110010111111111101101010011111101011110010
101010100000110010110000111111101101100010011100111001110010001101101111111000011010011000001010101001010101000001100101100001111111011011000100111001110011100100011011011111110000110100110000010101010010101111000111001011110011111110110110001111110110101111001
010101010000011001011000011111110110110001001110011100111001000110110111111100001101001100000101010100101010100000110010110000111111101101100010011100111001110010001101101111111000011010011000001010101001010111010001100101101101111111111011010110111001010011101
001010101000001100101100001111111011011000100111001110011100100011011011111110000110100110000010101010010101010000011001011000011111110110110001001110011100111001000110110111111100001101001100000101010101101010101000111011110010111111101111101010011110101101110
100101010100000110010110000111111101101100010011100111001110010001101101111111000011010011000001010101001010101000001100101100001111111011011000100111001110011100100011011011111110000110100110000010101010010101010010011111011000111111111110111001001111010111111
010010101010000011001011000011111110110110001001110011100111001000110110111111100001101001100000101010100101010100000110010110000111111101101100010011100111001110010001101101111111000011010011000001010101001011101110011100111100011111111111111001100111011010011
101001010101000001100101100001111111011011000100111001110011100100011011011111110000110100110000010101010010101010000011001011000011111110110110001001110011100111001000110110111111100001101001100000101011110111010100011110011111000111111101111110011011101101001
010100101010100000110010110000111111101101100010011100111001110010001101101111111000011010011000001010101001010101000001100101100001111111011011000100111001110011100100011011011111110000110100110000010101110011101011100011001111011111111110110111001101111010100
101010010101010000011001011000011111110110110001001110011100111001000110110111111100001101001100000101010100101010100000110010110000111111101101100010011100111001110010001101101111111000011010011000001011111111011111011011100111100001111111011111001100111001010
010101001010101000001100101100001111111011011000100111001110011100100011011011111110000110100110000010101010010101010000011001011000011111110110110001001110011100111001000110110111111100001101001100000101010100111011110011111110110100111111111101111010011100101
101010100101010100000110010110000111111101101100010011100111001110010001101101111111000011010011000001010101001010101000001100101100001111111011011000100111001110011100100011011011111110000110100110000011101110011101011000111001011100011111111110111001101110010
