00110001101110010010000000111100101100111110101010110101010111110011010011110000000100100111011000110001001110010001101101111111000011010011000001010101001010101000001100101100001111111011011000100111001111111110111100
00011000110111001001000000011110010110011111010101011010101011111001101001111000000010010011101100011010100111001000110110111111100001101001100000101010100101010100000110010110000111111101101100010011100111101101111110
10001100011011100100100000001111001011001111101010101101010101111100110100111100000001001001110110001001010011100100011011011111110000110100110000010101010010101010000011001011000011111110110110001001110101111110100011
11000110001101110010010000000111100101100111110101010110101010111110011010011110000000100100111011000000101001110010001101101111111000011010011000001010101001010101000001100101100001111111011011000100111100101111010111
01100011000110111001001000000011110010110011111010101011010101011111001101001111000000010010011101100010010100111001000110110111111100001101001100000101010100101010100000110010110000111111101101100010011110111111110111
00110001100011011100100100000001111001011001111101010101101010101111100110100111100000001001001110110011001010011100100011011011111110000110100110000010101010010101010000011001011000011111110110110001001111111011101011
00011000110001101110010010000000111100101100111110101010110101010111110011010011110000000100100111011011100101001110010001101101111111000011010011000001010101001010101000001100101100001111111011011000100111110001001011
10001100011000110111001001000000011110010110011111010101011010101011111001101001111000000010010011101001110010100111001000110110111111100001101001100000101010100101010100000110010110000111111101101100010101011101010110
11000110001100011011100100100000001111001011001111101010101101010101111100110100111100000001001001110000111001010011100100011011011111110000110100110000010101010010101010000011001011000011111110110110001100011011011110
01100011000110001101110010010000000111100101100111110101010110101010111110011010011110000000100100111010011100101001110010001101101111111000011010011000001010101001010101000001100101100001111111011011000110101110111011
10110001100011000110111001001000000011110010110011111010101011010101011111001101001111000000010010011001001110010100111001000110110111111100001101001100000101010100101010100000110010110000111111101101100101011011001111
11011000110001100011011100100100000001111001011001111101010101101010101111100110100111100000001001001000100111001010011100100011011011111110000110100110000010101010010101010000011001011000011111110110110100100010111101
11101100011000110001101110010010000000111100101100111110101010110101010111110011010011110000000100100000010011100101001110010001101101111111000011010011000001010101001010101000001100101100001111111011011100111101010111
01110110001100011000110111001001000000011110010110011111010101011010101011111001101001111000000010010010001001110010100111001000110110111111100001101001100000101010100101010100000110010110000111111101101110011111111111
00111011000110001100011011100100100000001111001011001111101010101101010101111100110100111100000001001011000100111001010011100100011011011111110000110100110000010101010010101010000011001011000011111110110111110110110010
10011101100011000110001101110010010000000111100101100111110101010110101010111110011010011110000000100001100010011100101001110010001101101111111000011010011000001010101001010101000001100101100001111111011101111111101000
01001110110001100011000110111001001000000011110010110011111010101011010101011111001101001111000000010010110001001110010100111001000110110111111100001101001100000101010100101010100000110010110000111111101110111101100100
00100111011000110001100011011100100100000001111001011001111101010101101010101111100110100111100000001011011000100111001010011100100011011011111110000110100110000010101010010101010000011001011000011111110111010101110011
10010011101100011000110001101110010010000000111100101100111110101010110101010111110011010011110000000001101100010011100101001110010001101101111111000011010011000001010101001010101000001100101100001111111101011110011110
01001001110110001100011000110111001001000000011110010110011111010101011010101011111001101001111000000010110110001001110010100111001000110110111111100001101001100000101010100101010100000110010110000111111110111101111010
00100100111011000110001100011011100100100000001111001011001111101010101101010101111100110100111100000011011011000100111001010011100100011011011111110000110100110000010101010010101010000011001011000011111111011001001101
00010010011101100011000110001101110010010000000111100101100111110101010110101010111110011010011110000011101101100010011100101001110010001101101111111000011010011000001010101001010101000001100101100001111111100101101101
00001001001110110001100011000110111001001000000011110010110011111010101011010101011111001101001111000011110110110001001110010100111001000110110111111100001101001100000101010100101010100000110010110000111111101111110111
00000100100111011000110001100011011100100100000001111001011001111101010101101010101111100110100111100011111011011000100111001010011100100011011011111110000110100110000010101010010101010000011001011000011111111011101111
00000010010011101100011000110001101110010010000000111100101100111110101010110101010111110011010011110011111101101100010011100101001110010001101101111111000011010011000001010101001010101000001100101100001111110110001011
00000001001001110110001100011000110111001001000000011110010110011111010101011010101011111001101001111011111110110110001001110010100111001000110110111111100001101001100000101010100101010100000110010110000111010110101001
10000000100100111011000110001100011011100100100000001111001011001111101010101101010101111100110100111001111111011011000100111001010011100100011011011111110000110100110000010101010010101010000011001011000101110111110100
11000000010010011101100011000110001101110010010000000111100101100111110101010110101010111110011010011000111111101101100010011100101001110010001101101111111000011010011000001010101001010101000001100101100100101101111011
11100000001001001110110001100011000110111001001000000011110010110011111010101011010101011111001101001000011111110110110001001110010100111001000110110111111100001101001100000101010100101010100000110010110100101111111001
11110000000100100111011000110001100011011100100100000001111001011001111101010101101010101111100110100000001111111011011000100111001010011100100011011011111110000110100110000010101010010101010000011001011100100111111001
01111000000010010011101100011000110001101110010010000000111100101100111110101010110101010111110011010010000111111101101100010011100101001110010001101101111111000011010011000001010101001010101000001100101110101111111101
00111100000001001001110110001100011000110111001001000000011110010110011111010101011010101011111001101011000011111110110110001001110010100111001000110110111111100001101001100000101010100101010100000110010111111111101111
10011110000000100100111011000110001100011011100100100000001111001011001111101010101101010101111100110001100001111111011011000100111001010011100100011011011111110000110100110000010101010010101010000011001101100111011011
01001111000000010010011101100011000110001101110010010000000111100101100111110101010110101010111110011010110000111111101101100010011100101001110010001101101111111000011010011000001010101001010101000001100110111110111101
10100111100000001001001110110001100011000110111001001000000011110010110011111010101011010101011111001001011000011111110110110001001110010100111001000110110111111100001101001100000101010100101010100000110101110110111110
11010011110000000100100111011000110001100011011100100100000001111001011001111101010101101010101111100000101100001111111011011000100111001010011100100011011011111110000110100110000010101010010101010000011100111010111011
01101001111000000010010011101100011000110001101110010010000000111100101100111110101010110101010111110010010110000111111101101100010011100101001110010001101101111111000011010011000001010101001010101000001110011110111100
00110100111100000001001001110110001100011000110111001001000000011110010110011111010101011010101011111011001011000011111110110110001001110010100111001000110110111111100001101001100000101010100101010100000111011001011111
10011010011110000000100100111011000110001100011011100100100000001111001011001111101010101101010101111001100101100001111111011011000100111001010011100100011011011111110000110100110000010101010010101010000101111101111111
11001101001111000000010010011101100011000110001101110010010000000111100101100111110101010110101010111000110010110000111111101101100010011100101001110010001101101111111000011010011000001010101001010101000100001111111111
11100110100111100000001001001110110001100011000110111001001000000011110010110011111010101011010101011000011001011000011111110110110001001110010100111001000110110111111100001101001100000101010100101010100100111011100111
11110011010011110000000100100111011000110001100011011100100100000001111001011001111101010101101010101000001100101100001111111011011000100111001010011100100011011011111110000110100110000010101010010101010100111110100111
11111001101001111000000010010011101100011000110001101110010010000000111100101100111110101010110101010000000110010110000111111101101100010011100101001110010001101101111111000011010011000001010101001010101100111011100111
01111100110100111100000001001001110110001100011000110111001001000000011110010110011111010101011010101010000011001011000011111110110110001001110010100111001000110110111111100001101001100000101010100101010110111010110011
10111110011010011110000000100100111011000110001100011011100100100000001111001011001111101010101101010001000001100101100001111111011011000100111001010011100100011011011111110000110100110000010101010010101101111101011011
01011111001101001111000000010010011101100011000110001101110010010000000111100101100111110101010110101010100000110010110000111111101101100010011100101001110010001101101111111000011010011000001010101001010110111111101000
10101111100110100111100000001001001110110001100011000110111001001000000011110010110011111010101011010001010000011001011000011111110110110001001110010100111001000110110111111100001101001100000101010100101101111011110001
01010111110011010011110000000100100111011000110001100011011100100100000001111001011001111101010101101010101000001100101100001111111011011000100111001010011100100011011011111110000110100110000010101010010110111101001100
10101011111001101001111000000010010011101100011000110001101110010010000000111100101100111110101010110001010100000110010110000111111101101100010011100101001110010001101101111111000011010011000001010101001101111101100110
01010101111100110100111100000001001001110110001100011000110111001001000000011110010110011111010101011010101010000011001011000011111110110110001001110010100111001000110110111111100001101001100000101010100110111101110010
10101010111110011010011110000000100100111011000110001100011011100100100000001111001011001111101010101001010101000001100101100001111111011011000100111001010011100100011011011111110000110100110000010101010101111001011111
11010101011111001101001111000000010010011101100011000110001101110010010000000111100101100111110101010000101010100000110010110000111111101101100010011100101001110010001101101111111000011010011000001010101100111110101011
01101010101111100110100111100000001001001110110001100011000110111001001000000011110010110011111010101010010101010000011001011000011111110110110001001110010100111001000110110111111100001101001100000101010110111011100001
10110101010111110011010011110000000100100111011000110001100011011100100100000001111001011001111101010001001010101000001100101100001111111011011000100111001010011100100011011011111110000110100110000010101101111101100101
01011010101011111001101001111000000010010011101100011000110001101110010010000000111100101100111110101010100101010100000110010110000111111101101100010011100101001110010001101101111111000011010011000001010110101011010111
10101101010101111100110100111100000001001001110110001100011000110111001001000000011110010110011111010001010010101010000011001011000011111110110110001001110010100111001000110110111111100001101001100000101101111101100011
01010110101010111110011010011110000000100100111011000110001100011011100100100000001111001011001111101010101001010101000001100101100001111111011011000100111001010011100100011011011111110000110100110000010110101111110000
10101011010101011111001101001111000000010010011101100011000110001101110010010000000111100101100111110001010100101010100000110010110000111111101101100010011100101001110010001101101111111000011010011000001101111101101001
01010101101010101111100110100111100000001001001110110001100011000110111001001000000011110010110011111010101010010101010000011001011000011111110110110001001110010100111001000110110111111100001101001100000110110011111001
10101010110101010111110011010011110000000100100111011000110001100011011100100100000001111001011001111001010101001010101000001100101100001111111011011000100111001010011100100011011011111110000110100110000101011001001111
11010101011010101011111001101001111000000010010011101100011000110001101110010010000000111100101100111000101010100101010100000110010110000111111101101100010011100101001110010001101101111111000011010011000100111101010111
11101010101101010101111100110100111100000001001001110110001100011000110111001001000000011110010110011000010101010010101010000011001011000011111110110110001001110010100111001000110110111111100001101001100100100011111011
11110101010110101010111110011010011110000000100100111011000110001100011011100100100000001111001011001000001010101001010101000001100101100001111111011011000100111001010011100100011011011111110000110100110100111101010111
11111010101011010101011111001101001111000000010010011101100011000110001101110010010000000111100101100000000101010100101010100000110010110000111111101101100010011100101001110010001101101111111000011010011100111111101010
01111101010101101010101111100110100111100000001001001110110001100011000110111001001000000011110010110010000010101010010101010000011001011000011111110110110001001110010100111001000110110111111100001101001110001101110101
00111110101010110101010111110011010011110000000100100111011000110001100011011100100100000001111001011011000001010101001010101000001100101100001111111011011000100111001010011100100011011011111110000110100111110011011011
10011111010101011010101011111001101001111000000010010011101100011000110001101110010010000000111100101001100000101010100101010100000110010110000111111101101100010011100101001110010001101101111111000011010101011101001101
11001111101010101101010101111100110100111100000001001001110110001100011000110111001001000000011110010000110000010101010010101010000011001011000011111110110110001001110010100111001000110110111111100001101100111111110010
01100111110101010110101010111110011010011110000000100100111011000110001100011011100100100000001111001010011000001010101001010101000001100101100001111111011011000100111001010011100100011011011111110000110110001010111001
10110011111010101011010101011111001101001111000000010010011101100011000110001101110010010000000111100001001100000101010100101010100000110010110000111111101101100010011100101001110010001101101111111000011101111001010111
01011001111101010101101010101111100110100111100000001001001110110001100011000110111001001000000011110010100110000010101010010101010000011001011000011111110110110001001110010100111001000110110111111100001110101001111011
00101100111110101010110101010111110011010011110000000100100111011000110001100011011100100100000001111011010011000001010101001010101000001100101100001111111011011000100111001010011100100011011011111110000111111000110101
10010110011111010101011010101011111001101001111000000010010011101100011000110001101110010010000000111001101001100000101010100101010100000110010110000111111101101100010011100101001110010001101101111111000101111101101011
11001011001111101010101101010101111100110100111100000001001001110110001100011000110111001001000000011000110100110000010101010010101010000011001011000011111110110110001001110010100111001000110110111111100100111111100101
11100101100111110101010110101010111110011010011110000000100100111011000110001100011011100100100000001000011010011000001010101001010101000001100101100001111111011011000100111001010011100100011011011111110100111111100010
11110010110011111010101011010101011111001101001111000000010010011101100011000110001101110010010000000000001101001100000101010100101010100000110010110000111111101101100010011100101001110010001101101111111100111010000111
01111001011001111101010101101010101111100110100111100000001001001110110001100011000110111001001000000010000110100110000010101010010101010000011001011000011111110110110001001110010100111001000110110111111110101110110010
00111100101100111110101010110101010111110011010011110000000100100111011000110001100011011100100100000011000011010011000001010101001010101000001100101100001111111011011000100111001010011100100011011011111111010011011111
00011110010110011111010101011010101011111001101001111000000010010011101100011000110001101110010010000011100001101001100000101010100101010100000110010110000111111101101100010011100101001110010001101101111111111110111001
00001111001011001111101010101101010101111100110100111100000001001001110110001100011000110111001001000011110000110100110000010101010010101010000011001011000011111110110110001001110010100111001000110110111111011110101000
00000111100101100111110101010110101010111110011010011110000000100100111011000110001100011011100100100011111000011010011000001010101001010101000001100101100001111111011011000100111001010011100100011011011111000011101001
00000011110010110011111010101011010101011111001101001111000000010010011101100011000110001101110010010011111100001101001100000101010100101010100000110010110000111111101101100010011100101001110010001101101111111001110101
00000001111001011001111101010101101010101111100110100111100000001001001110110001100011000110111001001011111110000110100110000010101010010101010000011001011000011111110110110001001110010100111001000110110111111001001111
10000000111100101100111110101010110101010111110011010011110000000100100111011000110001100011011100100001111111000011010011000001010101001010101000001100101100001111111011011000100111001010011100100011011101101010110011
01000000011110010110011111010101011010101011111001101001111000000010010011101100011000110001101110010010111111100001101001100000101010100101010100000110010110000111111101101100010011100101001110010001101110111101111001
00100000001111001011001111101010101101010101111100110100111100000001001001110110001100011000110111001011011111110000110100110000010101010010101010000011001011000011111110110110001001110010100111001000110111111111101101
10010000000111100101100111110101010110101010111110011010011110000000100100111011000110001100011011100001101111111000011010011000001010101001010101000001100101100001111111011011000100111001010011100100011101110110100011
01001000000011110010110011111010101011010101011111001101001111000000010010011101100011000110001101110010110111111100001101001100000101010100101010100000110010110000111111101101100010011100101001110010001110111111100101
00100100000001111001011001111101010101101010101111100110100111100000001001001110110001100011000110111011011011111110000110100110000010101010010101010000011001011000011111110110110001001110010100111001000111111111100110
10010010000000111100101100111110101010110101010111110011010011110000000100100111011000110001100011011001101101111111000011010011000001010101001010101000001100101100001111111011011000100111001010011100100101110111111011
11001001000000011110010110011111010101011010101011111001101001111000000010010011101100011000110001101000110110111111100001101001100000101010100101010100000110010110000111111101101100010011100101001110010100111111111001
11100100100000001111001011001111101010101101010101111100110100111100000001001001110110001100011000110000011011011111110000110100110000010101010010101010000011001011000011111110110110001001110010100111001100111111111000
01110010010000000111100101100111110101010110101010111110011010011110000000100100111011000110001100011010001101101111111000011010011000001010101001010101000001100101100001111111011011000100111001010011100110111110111001
10111001001000000011110010110011111010101011010101011111001101001111000000010010011101100011000110001001000110110111111100001101001100000101010100101010100000110010110000111111101101100010011100101001110101101110011110
11011100100100000001111001011001111101010101101010101111100110100111100000001001001110110001100011000000100011011011111110000110100110000010101010010101010000011001011000011111110110110001001110010100111100111111111110
01101110010010000000111100101100111110101010110101010111110011010011110000000100100111011000110001100010010001101101111111000011010011000001010101001010101000001100101100001111111011011000100111001010011110111110111111
00110111001001000000011110010110011111010101011010101011111001101001111000000010010011101100011000110011001000110110111111100001101001100000101010100101010100000110010110000111111101101100010011100101001111001111111110
00011011100100100000001111001011001111101010101101010101111100110100111100000001001001110110001100011011100100011011011111110000110100110000010101010010101010000011001011000011111110110110001001110010100111110011111111
10001101110010010000000111100101100111110101010110101010111110011010011110000000100100111011000110001001110010001101101111111000011010011000001010101001010101000001100101100001111111011011000100111001010101011001111111
11000110111001001000000011110010110011111010101011010101011111001101001111000000010010011101100011000000111001000110110111111100001101001100000101010100101010100000110010110000111111101101100010011100101100011001101111
01100011011100100100000001111001011001111101010101101010101111100110100111100000001001001110110001100010011100100011011011111110000110100110000010101010010101010000011001011000011111110110110001001110010110011110010111
00000000000000000000000000000000000000000000000000000000000000000000000000000000000000000000000000000011111111111111111111111111111111111111111111111111111111111111111111111111111111111111111111111111111011011111111111
01001110010001101101111111000011010011000001010101001010101000001100101100001111111011011000100111001100110001101110010010000000111100101100111110101010110101010111110011010011110000000100100111011000110010001110010101
10100111001000110110111111100001101001100000101010100101010100000110010110000111111101101100010011100100011000110111001001000000011110010110011111010101011010101011111001101001111000000010010011101100011001110000011001
01010011100100011011011111110000110100110000010101010010101010000011001011000011111110110110001001110110001100011011100100100000001111001011001111101010101101010101111100110100111100000001001001110110001010011111111100
00101001110010001101101111111000011010011000001010101001010101000001100101100001111111011011000100111111000110001101110010010000000111100101100111110101010110101010111110011010011110000000100100111011000011011001011111
10010100111001000110110111111100001101001100000101010100101010100000110010110000111111101101100010011101100011000110111001001000000011110010110011111010101011010101011111001101001111000000010010011101100001111010101001
11001010011100100011011011111110000110100110000010101010010101010000011001011000011111110110110001001100110001100011011100100100000001111001011001111101010101101010101111100110100111100000001001001110110000011110110101
11100101001110010001101101111111000011010011000001010101001010101000001100101100001111111011011000100100011000110001101110010010000000111100101100111110101010110101010111110011010011110000000100100111011000111111111111
01110010100111001000110110111111100001101001100000101010100101010100000110010110000111111101101100010110001100011000110111001001000000011110010110011111010101011010101011111001101001111000000010010011101010000011111111
00111001010011100100011011011111110000110100110000010101010010101010000011001011000011111110110110001111000110001100011011100100100000001111001011001111101010101101010101111100110100111100000001001001110011110101101010
10011100101001110010001101101111111000011010011000001010101001010101000001100101100001111111011011000101100011000110001101110010010000000111100101100111110101010110101010111110011010011110000000100100111001111110100100
01001110010100111001000110110111111100001101001100000101010100101010100000110010110000111111101101100110110001100011000110111001001000000011110010110011111010101011010101011111001101001111000000010010011010111110110111
00100111001010011100100011011011111110000110100110000010101010010101010000011001011000011111110110110111011000110001100011011100100100000001111001011001111101010101101010101111100110100111100000001001001011100111011010
00010011100101001110010001101101111111000011010011000001010101001010101000001100101100001111111011011111101100011000110001101110010010000000111100101100111110101010110101010111110011010011110000000100100011111011101001
10001001110010100111001000110110111111100001101001100000101010100101010100000110010110000111111101101101110110001100011000110111001001000000011110010110011111010101011010101011111001101001111000000010010001100101011010
11000100111001010011100100011011011111110000110100110000010101010010101010000011001011000011111110110100111011000110001100011011100100100000001111001011001111101010101101010101111100110100111100000001001000100110011110
01100010011100101001110010001101101111111000011010011000001010101001010101000001100101100001111111011110011101100011000110001101110010010000000111100101100111110101010110101010111110011010011110000000100010101110110111
10110001001110010100111001000110110111111100001101001100000101010100101010100000110010110000111111101101001110110001100011000110111001001000000011110010110011111010101011010101011111001101001111000000010001111110111011
11011000100111001010011100100011011011111110000110100110000010101010010101010000011001011000011111110100100111011000110001100011011100100100000001111001011001111101010101101010101111100110100111100000001000011111001110
01101100010011100101001110010001101101111111000011010011000001010101001010101000001100101100001111111110010011101100011000110001101110010010000000111100101100111110101010110101010111110011010011110000000010101110010011
10110110001001110010100111001000110110111111100001101001100000101010100101010100000110010110000111111101001001110110001100011000110111001001000000011110010110011111010101011010101011111001101001111000000001011111100101
11011011000100111001010011100100011011011111110000110100110000010101010010101010000011001011000011111100100100111011000110001100011011100100100000001111001011001111101010101101010101111100110100111100000000111111110111
11101101100010011100101001110010001101101111111000011010011000001010101001010101000001100101100001111100010010011101100011000110001101110010010000000111100101100111110101010110101010111110011010011110000000011011111011
11110110110001001110010100111001000110110111111100001101001100000101010100101010100000110010110000111100001001001110110001100011000110111001001000000011110010110011111010101011010101011111001101001111000000101110111000
11111011011000100111001010011100100011011011111110000110100110000010101010010101010000011001011000011100000100100111011000110001100011011100100100000001111001011001111101010101101010101111100110100111100000011101010111
11111101101100010011100101001110010001101101111111000011010011000001010101001010101000001100101100001100000010010011101100011000110001101110010010000000111100101100111110101010110101010111110011010011110000111111011110
11111110110110001001110010100111001000110110111111100001101001100000101010100101010100000110010110000100000001001001110110001100011000110111001001000000011110010110011111010101011010101011111001101001111000111101111110
01111111011011000100111001010011100100011011011111110000110100110000010101010010101010000011001011000110000000100100111011000110001100011011100100100000001111001011001111101010101101010101111100110100111010111101101011
00111111101101100010011100101001110010001101101111111000011010011000001010101001010101000001100101100111000000010010011101100011000110001101110010010000000111100101100111110101010110101010111110011010011011110011100101
00011111110110110001001110010100111001000110110111111100001101001100000101010100101010100000110010110111100000001001001110110001100011000110111001001000000011110010110011111010101011010101011111001101001011101001110111
00001111111011011000100111001010011100100011011011111110000110100110000010101010010101010000011001011111110000000100100111011000110001100011011100100100000001111001011001111101010101101010101111100110100011111001001111
10000111111101101100010011100101001110010001101101111111000011010011000001010101001010101000001100101101111000000010010011101100011000110001101110010010000000111100101100111110101010110101010111110011010001111001100011
11000011111110110110001001110010100111001000110110111111100001101001100000101010100101010100000110010100111100000001001001110110001100011000110111001001000000011110010110011111010101011010101011111001101000011001010011
01100001111111011011000100111001010011100100011011011111110000110100110000010101010010101010000011001110011110000000100100111011000110001100011011100100100000001111001011001111101010101101010101111100110010111101101100
10110000111111101101100010011100101001110010001101101111111000011010011000001010101001010101000001100101001111000000010010011101100011000110001101110010010000000111100101100111110101010110101010111110011001111001100011
01011000011111110110110001001110010100111001000110110111111100001101001100000101010100101010100000110110100111100000001001001110110001100011000110111001001000000011110010110011111010101011010101011111001010101101110001
00101100001111111011011000100111001010011100100011011011111110000110100110000010101010010101010000011111010011110000000100100111011000110001100011011100100100000001111001011001111101010101101010101111100011111111100101
10010110000111111101101100010011100101001110010001101101111111000011010011000001010101001010101000001101101001111000000010010011101100011000110001101110010010000000111100101100111110101010110101010111110001111111100011
11001011000011111110110110001001110010100111001000110110111111100001101001100000101010100101010100000100110100111100000001001001110110001100011000110111001001000000011110010110011111010101011010101011111000110111101001
01100101100001111111011011000100111001010011100100011011011111110000110100110000010101010010101010000110011010011110000000100100111011000110001100011011100100100000001111001011001111101010101101010101111010111011100001
00110010110000111111101101100010011100101001110010001101101111111000011010011000001010101001010101000111001101001111000000010010011101100011000110001101110010010000000111100101100111110101010110101010111011110001111001
00011001011000011111110110110001001110010100111001000110110111111100001101001100000101010100101010100111100110100111100000001001001110110001100011000110111001001000000011110010110011111010101011010101011011111101111001
00001100101100001111111011011000100111001010011100100011011011111110000110100110000010101010010101010111110011010011110000000100100111011000110001100011011100100100000001111001011001111101010101101010101011010011011111
00000110010110000111111101101100010011100101001110010001101101111111000011010011000001010101001010101111111001101001111000000010010011101100011000110001101110010010000000111100101100111110101010110101010011111101111001
10000011001011000011111110110110001001110010100111001000110110111111100001101001100000101010100101010101111100110100111100000001001001110110001100011000110111001001000000011110010110011111010101011010101001110111001111
01000001100101100001111111011011000100111001010011100100011011011111110000110100110000010101010010101110111110011010011110000000100100111011000110001100011011100100100000001111001011001111101010101101010010011011100111
10100000110010110000111111101101100010011100101001110010001101101111111000011010011000001010101001010101011111001101001111000000010010011101100011000110001101110010010000000111100101100111110101010110101001110001110111
01010000011001011000011111110110110001001110010100111001000110110111111100001101001100000101010100101110101111100110100111100000001001001110110001100011000110111001001000000011110010110011111010101011010010001110011111
10101000001100101100001111111011011000100111001010011100100011011011111110000110100110000010101010010101010111110011010011110000000100100111011000110001100011011100100100000001111001011001111101010101101001001110110011
01010100000110010110000111111101101100010011100101001110010001101101111111000011010011000001010101001110101011111001101001111000000010010011101100011000110001101110010010000000111100101100111110101010110010111111111001
10101010000011001011000011111110110110001001110010100111001000110110111111100001101001100000101010100101010101111100110100111100000001001001110110001100011000110111001001000000011110010110011111010101011001110111101101
01010101000001100101100001111111011011000100111001010011100100011011011111110000110100110000010101010110101010111110011010011110000000100100111011000110001100011011100100100000001111001011001111101010101010000111111010
00101010100000110010110000111111101101100010011100101001110010001101101111111000011010011000001010101111010101011111001101001111000000010010011101100011000110001101110010010000000111100101100111110101010011111011110101
10010101010000011001011000011111110110110001001110010100111001000110110111111100001101001100000101010101101010101111100110100111100000001001001110110001100011000110111001001000000011110010110011111010101001111101111111
01001010101000001100101100001111111011011000100111001010011100100011011011111110000110100110000010101110110101010111110011010011110000000100100111011000110001100011011100100100000001111001011001111101010010011011011011
10100101010100000110010110000111111101101100010011100101001110010001101101111111000011010011000001010101011010101011111001101001111000000010010011101100011000110001101110010010000000111100101100111110101001111110111000
01010010101010000011001011000011111110110110001001110010100111001000110110111111100001101001100000101110101101010101111100110100111100000001001001110110001100011000110111001001000000011110010110011111010010111011111101
10101001010101000001100101100001111111011011000100111001010011100100011011011111110000110100110000010101010110101010111110011010011110000000100100111011000110001100011011100100100000001111001011001111101001111101101111
01010100101010100000110010110000111111101101100010011100101001110010001101101111111000011010011000001110101011010101011111001101001111000000010010011101100011000110001101110010010000000111100101100111110010110111110110
10101010010101010000011001011000011111110110110001001110010100111001000110110111111100001101001100000101010101101010101111100110100111100000001001001110110001100011000110111001001000000011110010110011111001111101101111
01010101001010101000001100101100001111111011011000100111001010011100100011011011111110000110100110000110101010110101010111110011010011110000000100100111011000110001100011011100100100000001111001011001111010011111110111
00101010100101010100000110010110000111111101101100010011100101001110010001101101111111000011010011000111010101011010101011111001101001111000000010010011101100011000110001101110010010000000111100101100111011111011101011
00010101010010101010000011001011000011111110110110001001110010100111001000110110111111100001101001100111101010101101010101111100110100111100000001001001110110001100011000110111001001000000011110010110011011111101110101
00001010101001010101000001100101100001111111011011000100111001010011100100011011011111110000110100110111110101010110101010111110011010011110000000100100111011000110001100011011100100100000001111001011001011111011101011
00000101010100101010100000110010110000111111101101100010011100101001110010001101101111111000011010011111111010101011010101011111001101001111000000010010011101100011000110001101110010010000000111100101100011111101110101
10000010101010010101010000011001011000011111110110110001001110010100111001000110110111111100001101001101111101010101101010101111100110100111100000001001001110110001100011000110111001001000000011110010110001100111111010
11000001010101001010101000001100101100001111111011011000100111001010011100100011011011111110000110100100111110101010110101010111110011010011110000000100100111011000110001100011011100100100000001111001011000101110111101
01100000101010100101010100000110010110000111111101101100010011100101001110010001101101111111000011010110011111010101011010101011111001101001111000000010010011101100011000110001101110010010000000111100101010111011110011
00110000010101010010101010000011001011000011111110110110001001110010100111001000110110111111100001101111001111101010101101010101111100110100111100000001001001110110001100011000110111001001000000011110010011111101101101
10011000001010101001010101000001100101100001111111011011000100111001010011100100011011011111110000110101100111110101010110101010111110011010011110000000100100111011000110001100011011100100100000001111001001111111110111
01001100000101010100101010100000110010110000111111101101100010011100101001110010001101101111111000011110110011111010101011010101011111001101001111000000010010011101100011000110001101110010010000000111100010111111101011
10100110000010101010010101010000011001011000011111110110110001001110010100111001000110110111111100001101011001111101010101101010101111100110100111100000001001001110110001100011000110111001001000000011110001111111010111
11010011000001010101001010101000001100101100001111111011011000100111001010011100100011011011111110000100101100111110101010110101010111110011010011110000000100100111011000110001100011011100100100000001111000111111101011
01101001100000101010100101010100000110010110000111111101101100010011100101001110010001101101111111000110010110011111010101011010101011111001101001111000000010010011101100011000110001101110010010000000111010111111110100
00110100110000010101010010101010000011001011000011111110110110001001110010100111001000110110111111100111001011001111101010101101010101111100110100111100000001001001110110001100011000110111001001000000011011111010111011
00011010011000001010101001010101000001100101100001111111011011000100111001010011100100011011011111110111100101100111110101010110101010111110011010011110000000100100111011000110001100011011100100100000001011011101111101
00001101001100000101010100101010100000110010110000111111101101100010011100101001110010001101101111111111110010110011111010101011010101011111001101001111000000010010011101100011000110001101110010010000000011110111111011
10000110100110000010101010010101010000011001011000011111110110110001001110010100111001000110110111111101111001011001111101010101101010101111100110100111100000001001001110110001100011000110111001001000000001111011011111
11000011010011000001010101001010101000001100101100001111111011011000100111001010011100100011011011111100111100101100111110101010110101010111110011010011110000000100100111011000110001100011011100100100000000101101111111
11100001101001100000101010100101010100000110010110000111111101101100010011100101001110010001101101111100011110010110011111010101011010101011111001101001111000000010010011101100011000110001101110010010000000011011100111
11110000110100110000010101010010101010000011001011000011111110110110001001110010100111001000110110111100001111001011001111101010101101010101111100110100111100000001001001110110001100011000110111001001000000111001110111
11111000011010011000001010101001010101000001100101100001111111011011000100111001010011100100011011011100000111100101100111110101010110101010111110011010011110000000100100111011000110001100011011100100100000111101111111
11111100001101001100000101010100101010100000110010110000111111101101100010011100101001110010001101101100000011110010110011111010101011010101011111001101001111000000010010011101100011000110001101110010010000101111111011
11111110000110100110000010101010010101010000011001011000011111110110110001001110010100111001000110110100000001111001011001111101010101101010101111100110100111100000001001001110110001100011000110111001001000101111110001
01111111000011010011000001010101001010101000001100101100001111111011011000100111001010011100100011011110000000111100101100111110101010110101010111110011010011110000000100100111011000110001100011011100100010111111001110
10111111100001101001100000101010100101010100000110010110000111111101101100010011100101001110010001101101000000011110010110011111010101011010101011111001101001111000000010010011101100011000110001101110010001111011000111
11011111110000110100110000010101010010101010000011001011000011111110110110001001110010100111001000110100100000001111001011001111101010101101010101111100110100111100000001001001110110001100011000110111001000111101110010
01101111111000011010011000001010101001010101000001100101100001111111011011000100111001010011100100011110010000000111100101100111110101010110101010111110011010011110000000100100111011000110001100011011100010111101111100
10110111111100001101001100000101010100101010100000110010110000111111101101100010011100101001110010001101001000000011110010110011111010101011010101011111001101001111000000010010011101100011000110001101110001111001111011
11011011111110000110100110000010101010010101010000011001011000011111110110110001001110010100111001000100100100000001111001011001111101010101101010101111100110100111100000001001001110110001100011000110111000111110111000
01101101111111000011010011000001010101001010101000001100101100001111111011011000100111001010011100100110010010000000111100101100111110101010110101010111110011010011110000000100100111011000110001100011011010100001111101
00110110111111100001101001100000101010100101010100000110010110000111111101101100010011100101001110010111001001000000011110010110011111010101011010101011111001101001111000000010010011101100011000110001101011111001100111
00011011011111110000110100110000010101010010101010000011001011000011111110110110001001110010100111001111100100100000001111001011001111101010101101010101111100110100111100000001001001110110001100011000110011011101000111
10001101101111111000011010011000001010101001010101000001100101100001111111011011000100111001010011100101110010010000000111100101100111110101010110101010111110011010011110000000100100111011000110001100011001111011100111
01000110110111111100001101001100000101010100101010100000110010110000111111101101100010011100101001110110111001001000000011110010110011111010101011010101011111001101001111000000010010011101100011000110001010001001110011
00100011011011111110000110100110000010101010010101010000011001011000011111110110110001001110010100111111011100100100000001111001011001111101010101101010101111100110100111100000001001001110110001100011000011110101101001
10010001101101111111000011010011000001010101001010101000001100101100001111111011011000100111001010011101101110010010000000111100101100111110101010110101010111110011010011110000000100100111011000110001100001011011100001
11001000110110111111100001101001100000101010100101010100000110010110000111111101101100010011100101001100110111001001000000011110010110011111010101011010101011111001101001111000000010010011101100011000110000010110111000
11100100011011011111110000110100110000010101010010101010000011001011000011111110110110001001110010100100011011100100100000001111001011001111101010101101010101111100110100111100000001001001110110001100011000101101111001
01110010001101101111111000011010011000001010101001010101000001100101100001111111011011000100111001010110001101110010010000000111100101100111110101010110101010111110011010011110000000100100111011000110001010111111100001
00111001000110110111111100001101001100000101010100101010100000110010110000111111101101100010011100101111000110111001001000000011110010110011111010101011010101011111001101001111000000010010011101100011000011111111010011
10011100100011011011111110000110100110000010101010010101010000011001011000011111110110110001001110010101100011011100100100000001111001011001111101010101101010101111100110100111100000001001001110110001100001111111101100
11111111111111111111111111111111111111111111111111111111111111111111111111111111111111111111111111111000000000000000000000000000000000000000000000000000000000000000000000000000000000000000000000000000000000110110001010
11001110010001101101111111000011010011000001010101001010101000001100101100001111111011011000100111001110110001101110010010000000111100101100111110101010110101010111110011010011110000000100100111011000110000110001101010
11100111001000110110111111100001101001100000101010100101010100000110010110000111111101101100010011100101011000110111001001000000011110010110011111010101011010101011111001101001111000000010010011101100011000001111000110
11111110010110111001011110111111111100101111111111111111111011110101011111111010011111111111111101000001001010111111111010101011111110111111111011010011011011111011111111111111011101111111111110101001111110000000000100
10101111101011111111100111100001011111101111111111111101011110110111010111110111011011111111101101111101111110111010001101110111110111110111111111110011011111111111110011111111111011100111111011101110111110000000010000
11111101111011011011101100011011010111111111111111111111110110111011111111111011011111011011111110111110111110011010011111111111101111111110101010101110011111101111110111111111101111111111111011110101111001000000001000
11111001010011111111011011111111111010110100110111010101110010111011000011101011000011111111111110001110100110111101111111101111100000101111001011001111101010111101011101111110110100111101101001001011111101000000000001
10111100111101110010001111101111111110011111011000011010101001010101100001111111100101111111111111001110101111011110111111111010010000000111100101101111110111010110101110111111011010011110001000100110111101000001000000
01011111101011011101111100111111100001111010111111101111111111111111011011100100111011011111001011110100110011100111000101110111111111111111111111110011111101111111111011111110111111111111110111111101111011000010000000
11101100010101111101011101111111011110111111011011011101111001011001101111101011110111111111101111110100101111111010011001111001111010111111111010110111111011111111111111110111110111111001111110111111101010000000000110
11011001110111100111001000111110111111110001101001100010101011101101111100001110010110000111111111101111110111001101111010111111001001001000011110011110111111010101011110101011111101111001111100010011010000010000000000
11000110111101010011110111011111111111110000110100110000011101010110101010000111101011000111111111110101111011100111101100011011100100100001011111001011101111101010101101010101111100110100111100001011001110001000000000
11011001101111001010111100100011011011111110000110100110000110101010010101010100011001011000011111111110110111011000110101100111011100100100000101111001011001111101010101101010101111100110100111100000001001100000100000
01111111111011100111001110010001101101111111100011110011000111110101011010111100001100101100011111111100010011101101111110110111101111010010000101111100101100111110101010111101011111110111010011110000010111000000100000
00111110011111000100111111011111110101111111101000111111011111101110111111010110111111110110100101111111011111001010011011110100111111011111111111111111011101101111110111111101111111111010010111111101110000000100000000
